1 319 0
1 320 2
1 321 8
1 322 13
1 323 19
1 324 25
1 325 31
1 326 36
1 327 42
1 328 48
1 329 54
1 330 60
1 331 66
1 332 72
1 333 78
1 334 84
1 335 88
1 336 92
1 337 96
1 338 100
1 339 104
1 340 108
1 341 112
1 342 116
1 343 120
1 344 123
1 345 127
1 346 130
1 347 134
1 348 137
1 349 141
1 350 144
1 351 148
1 352 152
1 353 155
1 354 159
1 355 162
1 356 164
1 357 167
1 358 170
1 359 173
1 360 176
1 361 178
1 362 181
1 363 184
1 364 187
1 365 190
1 366 193
1 367 196
1 368 200
1 369 203
1 370 206
1 371 210
1 372 213
1 373 216
1 374 220
1 375 223
1 376 227
1 377 231
1 378 234
1 379 237
1 380 240
1 381 242
1 382 245
1 383 248
1 384 251
1 385 253
1 386 256
1 387 259
1 388 262
1 389 265
1 390 268
1 391 271
1 392 274
1 393 277
1 394 281
1 395 284
1 396 287
1 397 290
1 398 294
1 399 297
1 400 300
1 401 304
1 402 307
1 403 311
1 404 313
1 405 316
1 406 318
1 407 320
1 408 323
1 409 325
1 410 327
1 411 330
1 412 332
1 413 334
1 414 336
1 415 339
1 416 341
1 417 343
1 418 346
1 419 348
1 420 351
1 421 353
1 422 355
1 423 358
1 424 360
1 425 363
1 426 365
1 427 368
1 428 370
1 429 373
1 430 376
1 431 378
1 432 381
1 433 383
1 434 385
1 435 387
1 436 389
1 437 391
1 438 393
1 439 395
1 440 398
1 441 400
1 442 402
1 443 404
1 444 407
1 445 409
1 446 411
1 447 413
1 448 415
1 449 417
1 450 419
1 451 421
1 452 423
1 453 425
1 454 426
1 455 428
1 456 430
1 457 432
1 458 434
1 459 435
1 460 437
1 461 439
1 462 441
1 463 443
1 464 445
1 465 447
1 466 448
1 467 450
1 468 452
1 469 453
1 470 455
1 471 456
1 472 458
1 473 460
1 474 461
1 475 463
1 476 465
1 477 467
1 478 468
1 479 470
1 480 472
1 481 474
1 482 475
1 483 477
1 484 479
1 485 480
1 486 482
1 487 483
1 488 485
1 489 486
1 490 488
1 491 489
1 492 491
1 493 493
1 494 494
1 495 496
1 496 497
1 497 499
1 498 500
1 499 502
1 500 504
1 501 505
1 502 507
1 503 509
1 504 510
1 505 511
1 506 513
1 507 514
1 508 515
1 509 517
1 510 518
1 511 519
1 512 520
1 513 522
1 514 523
1 515 525
1 516 526
1 517 527
1 518 528
1 519 530
1 520 531
1 521 532
1 522 534
1 523 535
1 524 536
1 525 537
1 526 538
1 527 539
1 528 540
1 529 542
1 530 543
1 531 544
1 532 545
1 533 546
1 534 547
1 535 548
1 536 549
1 537 551
1 538 552
1 539 553
1 540 554
1 541 555
1 542 556
1 543 557
1 544 559
1 545 560
1 546 561
1 547 562
1 548 563
1 549 564
1 550 565
1 551 566
1 552 567
1 553 568
1 554 569
1 555 570
1 556 571
1 557 573
1 558 574
1 559 575
1 560 576
1 561 577
1 562 578
1 563 579
1 564 580
1 565 581
1 566 582
1 567 583
1 568 584
1 569 585
1 570 586
1 571 587
1 572 587
1 573 588
1 574 589
1 575 590
1 576 591
1 577 592
1 578 593
1 579 594
1 580 595
1 581 596
1 582 597
1 583 598
1 584 599
1 585 600
1 586 600
1 587 601
1 588 602
1 589 603
1 590 604
1 591 605
1 592 606
1 593 606
1 594 607
1 595 608
1 596 609
1 597 610
1 598 611
1 599 611
1 600 612
1 601 613
1 602 614
1 603 614
1 604 615
1 605 616
1 606 617
1 607 617
1 608 618
1 609 619
1 610 620
1 611 620
1 612 621
1 613 622
1 614 623
1 615 623
1 616 624
1 617 625
1 618 625
1 619 626
1 620 627
1 621 627
1 622 628
1 623 628
1 624 629
1 625 630
1 626 630
1 627 631
1 628 632
1 629 632
1 630 633
1 631 633
1 632 634
1 633 635
1 634 635
1 635 636
1 636 636
1 637 637
1 638 637
1 639 638
1 640 639
1 641 639
1 642 640
1 643 640
1 644 641
1 645 641
1 646 642
1 647 642
1 648 643
1 649 644
1 650 644
1 651 645
1 652 645
1 653 646
1 654 646
1 655 647
1 656 647
1 657 648
1 658 648
1 659 649
1 660 649
1 661 650
1 662 650
1 663 651
1 664 651
1 665 652
1 666 652
1 667 653
1 668 653
1 669 654
1 670 654
1 671 655
1 672 655
1 673 656
1 674 656
1 675 657
1 676 657
1 677 657
1 678 658
1 679 658
1 680 659
1 681 659
1 682 660
1 683 660
1 684 661
1 685 661
1 686 661
1 687 662
1 688 662
1 689 663
1 690 663
1 691 663
1 692 664
1 693 664
1 694 665
1 695 665
1 696 665
1 697 666
1 698 666
1 699 667
1 700 667
1 701 667
1 702 668
1 703 668
1 704 668
1 705 669
1 706 669
1 707 670
1 708 670
1 709 670
1 710 671
1 711 671
1 712 671
1 713 672
1 714 672
1 715 672
1 716 673
1 717 673
1 718 673
1 719 674
1 720 674
1 721 674
1 722 675
1 723 675
1 724 675
1 725 675
1 726 676
1 727 676
1 728 676
1 729 677
1 730 677
1 731 677
1 732 678
1 733 678
1 734 678
1 735 678
1 736 679
1 737 679
1 738 679
1 739 680
1 740 680
1 741 680
1 742 680
1 743 681
1 744 681
1 745 681
1 746 681
1 747 682
1 748 682
1 749 682
1 750 682
1 751 683
1 752 683
1 753 683
1 754 683
1 755 684
1 756 684
1 757 684
1 758 684
1 759 684
1 760 685
1 761 685
1 762 685
1 763 685
1 764 685
1 765 686
1 766 686
1 767 686
1 768 686
1 769 686
1 770 687
1 771 687
1 772 687
1 773 687
1 774 687
1 775 688
1 776 688
1 777 688
1 778 688
1 779 688
1 780 688
1 781 689
1 782 689
1 783 689
1 784 689
1 785 689
1 786 689
1 787 689
1 788 690
1 789 690
1 790 690
1 791 690
1 792 690
1 793 690
1 794 690
1 795 691
1 796 691
1 797 691
1 798 691
1 799 691
1 800 691
1 801 691
1 802 691
1 914 691
2 311 0
2 312 5
2 313 10
2 314 16
2 315 21
2 316 27
2 317 33
2 318 39
2 319 44
2 320 50
2 321 56
2 322 62
2 323 69
2 324 75
2 325 81
2 326 87
2 327 92
2 328 96
2 329 100
2 330 104
2 331 108
2 332 112
2 333 116
2 334 120
2 335 123
2 336 127
2 337 130
2 338 134
2 339 137
2 340 141
2 341 145
2 342 148
2 343 152
2 344 155
2 345 159
2 346 163
2 347 167
2 348 169
2 349 172
2 350 175
2 351 178
2 352 181
2 353 184
2 354 187
2 355 190
2 356 193
2 357 196
2 358 199
2 359 202
2 360 205
2 361 209
2 362 212
2 363 216
2 364 219
2 365 223
2 366 226
2 367 230
2 368 233
2 369 237
2 370 241
2 371 244
2 372 247
2 373 250
2 374 253
2 375 255
2 376 258
2 377 261
2 378 264
2 379 267
2 380 270
2 381 273
2 382 276
2 383 279
2 384 283
2 385 286
2 386 289
2 387 292
2 388 296
2 389 299
2 390 303
2 391 306
2 392 310
2 393 313
2 394 316
2 395 320
2 396 322
2 397 324
2 398 327
2 399 329
2 400 331
2 401 334
2 402 336
2 403 338
2 404 340
2 405 343
2 406 345
2 407 348
2 408 350
2 409 352
2 410 355
2 411 357
2 412 360
2 413 362
2 414 365
2 415 367
2 416 370
2 417 372
2 418 375
2 419 378
2 420 380
2 421 383
2 422 386
2 423 388
2 424 391
2 425 393
2 426 395
2 427 397
2 428 399
2 429 401
2 430 404
2 431 406
2 432 408
2 433 410
2 434 413
2 435 415
2 436 417
2 437 419
2 438 421
2 439 424
2 440 426
2 441 427
2 442 429
2 443 431
2 444 433
2 445 435
2 446 436
2 447 438
2 448 440
2 449 442
2 450 444
2 451 446
2 452 448
2 453 450
2 454 452
2 455 454
2 456 455
2 457 457
2 458 459
2 459 460
2 460 462
2 461 464
2 462 466
2 463 467
2 464 469
2 465 471
2 466 473
2 467 474
2 468 476
2 469 478
2 470 480
2 471 481
2 472 483
2 473 485
2 474 487
2 475 488
2 476 490
2 477 492
2 478 493
2 479 495
2 480 496
2 481 498
2 482 500
2 483 501
2 484 503
2 485 504
2 486 506
2 487 508
2 488 509
2 489 511
2 490 513
2 491 514
2 492 516
2 493 517
2 494 519
2 495 520
2 496 521
2 497 523
2 498 524
2 499 525
2 500 527
2 501 528
2 502 529
2 503 530
2 504 532
2 505 533
2 506 534
2 507 536
2 508 537
2 509 538
2 510 540
2 511 541
2 512 542
2 513 544
2 514 545
2 515 546
2 516 547
2 517 548
2 518 550
2 519 551
2 520 552
2 521 553
2 522 554
2 523 555
2 524 556
2 525 557
2 526 559
2 527 560
2 528 561
2 529 562
2 530 563
2 531 565
2 532 566
2 533 567
2 534 568
2 535 569
2 536 571
2 537 572
2 538 573
2 539 574
2 540 575
2 541 576
2 542 577
2 543 578
2 544 579
2 545 580
2 546 582
2 547 583
2 548 584
2 549 585
2 550 586
2 551 587
2 552 588
2 553 589
2 554 590
2 555 591
2 556 592
2 557 593
2 558 594
2 559 595
2 560 596
2 561 597
2 562 598
2 563 599
2 564 600
2 565 601
2 566 602
2 567 603
2 568 604
2 569 605
2 570 606
2 571 607
2 572 608
2 573 609
2 574 610
2 575 610
2 576 611
2 577 612
2 578 613
2 579 614
2 580 615
2 581 615
2 582 616
2 583 617
2 584 618
2 585 619
2 586 620
2 587 620
2 588 621
2 589 622
2 590 623
2 591 624
2 592 624
2 593 625
2 594 626
2 595 626
2 596 627
2 597 628
2 598 629
2 599 629
2 600 630
2 601 631
2 602 632
2 603 632
2 604 633
2 605 633
2 606 634
2 607 635
2 608 635
2 609 636
2 610 637
2 611 637
2 612 638
2 613 639
2 614 639
2 615 640
2 616 641
2 617 641
2 618 642
2 619 643
2 620 643
2 621 644
2 622 644
2 623 645
2 624 646
2 625 646
2 626 647
2 627 647
2 628 648
2 629 649
2 630 649
2 631 650
2 632 650
2 633 651
2 634 652
2 635 652
2 636 653
2 637 653
2 638 654
2 639 654
2 640 655
2 641 655
2 642 656
2 643 656
2 644 657
2 645 658
2 646 658
2 647 659
2 648 659
2 649 660
2 650 660
2 651 661
2 652 661
2 653 662
2 654 662
2 655 663
2 656 663
2 657 664
2 658 664
2 659 665
2 660 665
2 661 666
2 662 666
2 663 667
2 664 667
2 665 668
2 666 668
2 667 669
2 668 669
2 669 669
2 670 670
2 671 670
2 672 671
2 673 671
2 674 672
2 675 672
2 676 673
2 677 673
2 678 673
2 679 674
2 680 674
2 681 675
2 682 675
2 683 676
2 684 676
2 685 676
2 686 677
2 687 677
2 688 678
2 689 678
2 690 678
2 691 679
2 692 679
2 693 679
2 694 680
2 695 680
2 696 681
2 697 681
2 698 681
2 699 682
2 700 682
2 701 682
2 702 683
2 703 683
2 704 683
2 705 684
2 706 684
2 707 684
2 708 685
2 709 685
2 710 685
2 711 686
2 712 686
2 713 686
2 714 687
2 715 687
2 716 687
2 717 688
2 718 688
2 719 688
2 720 689
2 721 689
2 722 689
2 723 690
2 724 690
2 725 690
2 726 690
2 727 691
2 728 691
2 729 691
2 730 692
2 731 692
2 732 692
2 733 692
2 734 693
2 735 693
2 736 693
2 737 693
2 738 694
2 739 694
2 740 694
2 741 694
2 742 695
2 743 695
2 744 695
2 745 695
2 746 696
2 747 696
2 748 696
2 749 696
2 750 696
2 751 697
2 752 697
2 753 697
2 754 697
2 755 698
2 756 698
2 757 698
2 758 698
2 759 698
2 760 699
2 761 699
2 762 699
2 763 699
2 764 699
2 765 699
2 766 700
2 767 700
2 768 700
2 769 700
2 770 700
2 771 700
2 772 701
2 773 701
2 774 701
2 775 701
2 776 701
2 777 701
2 778 702
2 779 702
2 780 702
2 781 702
2 782 702
2 783 702
2 784 702
2 785 702
2 786 703
2 787 703
2 788 703
2 789 703
2 790 703
2 791 703
2 903 703
3 303 0
3 304 3
3 305 11
3 306 17
3 307 23
3 308 29
3 309 34
3 310 40
3 311 46
3 312 52
3 313 58
3 314 64
3 315 70
3 316 76
3 317 82
3 318 88
3 319 95
3 320 99
3 321 104
3 322 108
3 323 112
3 324 116
3 325 119
3 326 123
3 327 127
3 328 130
3 329 134
3 330 137
3 331 141
3 332 144
3 333 148
3 334 151
3 335 155
3 336 159
3 337 162
3 338 166
3 339 170
3 340 174
3 341 177
3 342 180
3 343 183
3 344 186
3 345 189
3 346 192
3 347 195
3 348 198
3 349 201
3 350 204
3 351 208
3 352 211
3 353 214
3 354 218
3 355 221
3 356 225
3 357 228
3 358 232
3 359 235
3 360 239
3 361 243
3 362 247
3 363 251
3 364 254
3 365 257
3 366 260
3 367 262
3 368 265
3 369 268
3 370 272
3 371 275
3 372 278
3 373 281
3 374 284
3 375 287
3 376 291
3 377 294
3 378 297
3 379 301
3 380 304
3 381 308
3 382 311
3 383 315
3 384 318
3 385 321
3 386 325
3 387 328
3 388 330
3 389 333
3 390 335
3 391 337
3 392 339
3 393 342
3 394 344
3 395 346
3 396 349
3 397 351
3 398 354
3 399 356
3 400 359
3 401 361
3 402 364
3 403 366
3 404 369
3 405 371
3 406 374
3 407 376
3 408 379
3 409 382
3 410 384
3 411 387
3 412 390
3 413 393
3 414 395
3 415 398
3 416 400
3 417 403
3 418 405
3 419 407
3 420 409
3 421 412
3 422 414
3 423 416
3 424 418
3 425 420
3 426 423
3 427 425
3 428 427
3 429 429
3 430 431
3 431 433
3 432 435
3 433 437
3 434 439
3 435 441
3 436 442
3 437 444
3 438 446
3 439 448
3 440 450
3 441 452
3 442 454
3 443 456
3 444 458
3 445 460
3 446 462
3 447 464
3 448 466
3 449 468
3 450 469
3 451 471
3 452 473
3 453 475
3 454 476
3 455 478
3 456 480
3 457 482
3 458 484
3 459 485
3 460 487
3 461 489
3 462 491
3 463 493
3 464 495
3 465 497
3 466 498
3 467 500
3 468 501
3 469 503
3 470 505
3 471 506
3 472 508
3 473 510
3 474 511
3 475 513
3 476 514
3 477 516
3 478 518
3 479 519
3 480 521
3 481 522
3 482 524
3 483 526
3 484 527
3 485 528
3 486 530
3 487 531
3 488 532
3 489 534
3 490 535
3 491 536
3 492 537
3 493 539
3 494 540
3 495 541
3 496 543
3 497 544
3 498 545
3 499 547
3 500 548
3 501 550
3 502 551
3 503 552
3 504 554
3 505 555
3 506 556
3 507 557
3 508 558
3 509 560
3 510 561
3 511 562
3 512 563
3 513 564
3 514 565
3 515 567
3 516 568
3 517 569
3 518 570
3 519 572
3 520 573
3 521 574
3 522 575
3 523 576
3 524 578
3 525 579
3 526 580
3 527 581
3 528 583
3 529 584
3 530 585
3 531 586
3 532 587
3 533 588
3 534 589
3 535 590
3 536 592
3 537 593
3 538 594
3 539 595
3 540 596
3 541 597
3 542 598
3 543 599
3 544 600
3 545 601
3 546 602
3 547 603
3 548 604
3 549 605
3 550 607
3 551 608
3 552 609
3 553 610
3 554 611
3 555 611
3 556 612
3 557 613
3 558 614
3 559 615
3 560 616
3 561 617
3 562 618
3 563 619
3 564 620
3 565 621
3 566 621
3 567 622
3 568 623
3 569 624
3 570 625
3 571 626
3 572 626
3 573 627
3 574 628
3 575 629
3 576 630
3 577 630
3 578 631
3 579 632
3 580 633
3 581 633
3 582 634
3 583 635
3 584 636
3 585 636
3 586 637
3 587 638
3 588 639
3 589 639
3 590 640
3 591 641
3 592 642
3 593 642
3 594 643
3 595 644
3 596 644
3 597 645
3 598 646
3 599 646
3 600 647
3 601 648
3 602 648
3 603 649
3 604 650
3 605 650
3 606 651
3 607 652
3 608 652
3 609 653
3 610 654
3 611 654
3 612 655
3 613 655
3 614 656
3 615 657
3 616 657
3 617 658
3 618 659
3 619 659
3 620 660
3 621 660
3 622 661
3 623 662
3 624 662
3 625 663
3 626 663
3 627 664
3 628 664
3 629 665
3 630 666
3 631 666
3 632 667
3 633 667
3 634 668
3 635 668
3 636 669
3 637 670
3 638 670
3 639 671
3 640 671
3 641 672
3 642 672
3 643 673
3 644 673
3 645 674
3 646 674
3 647 675
3 648 675
3 649 676
3 650 676
3 651 677
3 652 677
3 653 678
3 654 678
3 655 679
3 656 679
3 657 680
3 658 680
3 659 681
3 660 681
3 661 682
3 662 682
3 663 683
3 664 683
3 665 683
3 666 684
3 667 684
3 668 685
3 669 685
3 670 686
3 671 686
3 672 687
3 673 687
3 674 687
3 675 688
3 676 688
3 677 689
3 678 689
3 679 689
3 680 690
3 681 690
3 682 691
3 683 691
3 684 691
3 685 692
3 686 692
3 687 693
3 688 693
3 689 693
3 690 694
3 691 694
3 692 694
3 693 695
3 694 695
3 695 695
3 696 696
3 697 696
3 698 696
3 699 697
3 700 697
3 701 698
3 702 698
3 703 698
3 704 699
3 705 699
3 706 699
3 707 699
3 708 700
3 709 700
3 710 700
3 711 701
3 712 701
3 713 701
3 714 702
3 715 702
3 716 702
3 717 703
3 718 703
3 719 703
3 720 703
3 721 704
3 722 704
3 723 704
3 724 704
3 725 705
3 726 705
3 727 705
3 728 706
3 729 706
3 730 706
3 731 706
3 732 707
3 733 707
3 734 707
3 735 707
3 736 708
3 737 708
3 738 708
3 739 708
3 740 708
3 741 709
3 742 709
3 743 709
3 744 709
3 745 709
3 746 710
3 747 710
3 748 710
3 749 710
3 750 710
3 751 711
3 752 711
3 753 711
3 754 711
3 755 711
3 756 711
3 757 712
3 758 712
3 759 712
3 760 712
3 761 712
3 762 712
3 763 712
3 764 713
3 765 713
3 766 713
3 767 713
3 768 713
3 769 713
3 770 713
3 771 713
3 772 714
3 773 714
3 774 714
3 775 714
3 776 714
3 777 714
3 778 714
3 779 714
3 780 714
3 892 715
3 893 715
4 296 0
4 297 8
4 298 17
4 299 23
4 300 29
4 301 35
4 302 41
4 303 47
4 304 52
4 305 58
4 306 65
4 307 71
4 308 77
4 309 83
4 310 89
4 311 95
4 312 101
4 313 106
4 314 110
4 315 115
4 316 118
4 317 122
4 318 126
4 319 129
4 320 133
4 321 136
4 322 140
4 323 143
4 324 147
4 325 150
4 326 154
4 327 158
4 328 161
4 329 165
4 330 169
4 331 173
4 332 177
4 333 181
4 334 184
4 335 187
4 336 190
4 337 193
4 338 196
4 339 199
4 340 202
4 341 206
4 342 209
4 343 212
4 344 216
4 345 219
4 346 223
4 347 226
4 348 230
4 349 233
4 350 237
4 351 241
4 352 245
4 353 249
4 354 253
4 355 257
4 356 260
4 357 263
4 358 266
4 359 269
4 360 272
4 361 275
4 362 279
4 363 282
4 364 285
4 365 288
4 366 292
4 367 295
4 368 298
4 369 302
4 370 305
4 371 309
4 372 312
4 373 316
4 374 319
4 375 322
4 376 326
4 377 329
4 378 332
4 379 336
4 380 338
4 381 340
4 382 343
4 383 345
4 384 347
4 385 350
4 386 352
4 387 355
4 388 357
4 389 359
4 390 362
4 391 364
4 392 367
4 393 369
4 394 372
4 395 375
4 396 377
4 397 380
4 398 383
4 399 385
4 400 388
4 401 391
4 402 394
4 403 396
4 404 399
4 405 402
4 406 405
4 407 408
4 408 410
4 409 412
4 410 414
4 411 417
4 412 419
4 413 421
4 414 423
4 415 425
4 416 428
4 417 430
4 418 432
4 419 434
4 420 436
4 421 438
4 422 441
4 423 443
4 424 444
4 425 446
4 426 448
4 427 450
4 428 452
4 429 454
4 430 456
4 431 458
4 432 460
4 433 462
4 434 464
4 435 466
4 436 468
4 437 470
4 438 472
4 439 474
4 440 476
4 441 478
4 442 480
4 443 481
4 444 483
4 445 485
4 446 487
4 447 489
4 448 491
4 449 493
4 450 494
4 451 496
4 452 498
4 453 500
4 454 502
4 455 504
4 456 506
4 457 508
4 458 509
4 459 511
4 460 513
4 461 514
4 462 516
4 463 517
4 464 519
4 465 521
4 466 522
4 467 524
4 468 525
4 469 527
4 470 528
4 471 530
4 472 532
4 473 533
4 474 535
4 475 536
4 476 538
4 477 539
4 478 540
4 479 541
4 480 543
4 481 544
4 482 545
4 483 547
4 484 548
4 485 550
4 486 551
4 487 552
4 488 554
4 489 555
4 490 556
4 491 558
4 492 559
4 493 561
4 494 562
4 495 563
4 496 565
4 497 566
4 498 567
4 499 568
4 500 570
4 501 571
4 502 572
4 503 573
4 504 575
4 505 576
4 506 577
4 507 578
4 508 579
4 509 581
4 510 582
4 511 583
4 512 585
4 513 586
4 514 587
4 515 588
4 516 590
4 517 591
4 518 592
4 519 593
4 520 595
4 521 596
4 522 597
4 523 598
4 524 599
4 525 600
4 526 601
4 527 603
4 528 604
4 529 605
4 530 606
4 531 607
4 532 608
4 533 609
4 534 610
4 535 611
4 536 612
4 537 613
4 538 614
4 539 615
4 540 616
4 541 618
4 542 619
4 543 619
4 544 620
4 545 621
4 546 622
4 547 623
4 548 624
4 549 625
4 550 626
4 551 627
4 552 628
4 553 629
4 554 630
4 555 630
4 556 631
4 557 632
4 558 633
4 559 634
4 560 634
4 561 635
4 562 636
4 563 637
4 564 638
4 565 639
4 566 639
4 567 640
4 568 641
4 569 642
4 570 642
4 571 643
4 572 644
4 573 645
4 574 646
4 575 646
4 576 647
4 577 648
4 578 649
4 579 649
4 580 650
4 581 651
4 582 652
4 583 652
4 584 653
4 585 654
4 586 654
4 587 655
4 588 656
4 589 657
4 590 657
4 591 658
4 592 659
4 593 659
4 594 660
4 595 661
4 596 661
4 597 662
4 598 663
4 599 663
4 600 664
4 601 665
4 602 665
4 603 666
4 604 667
4 605 667
4 606 668
4 607 669
4 608 669
4 609 670
4 610 671
4 611 671
4 612 672
4 613 672
4 614 673
4 615 674
4 616 674
4 617 675
4 618 675
4 619 676
4 620 676
4 621 677
4 622 678
4 623 678
4 624 679
4 625 679
4 626 680
4 627 681
4 628 681
4 629 682
4 630 682
4 631 683
4 632 683
4 633 684
4 634 684
4 635 685
4 636 685
4 637 686
4 638 686
4 639 687
4 640 688
4 641 688
4 642 689
4 643 689
4 644 690
4 645 690
4 646 691
4 647 691
4 648 692
4 649 692
4 650 693
4 651 693
4 652 693
4 653 694
4 654 694
4 655 695
4 656 695
4 657 696
4 658 696
4 659 697
4 660 697
4 661 698
4 662 698
4 663 698
4 664 699
4 665 699
4 666 700
4 667 700
4 668 701
4 669 701
4 670 701
4 671 702
4 672 702
4 673 703
4 674 703
4 675 703
4 676 704
4 677 704
4 678 705
4 679 705
4 680 705
4 681 706
4 682 706
4 683 706
4 684 707
4 685 707
4 686 708
4 687 708
4 688 708
4 689 709
4 690 709
4 691 709
4 692 710
4 693 710
4 694 710
4 695 710
4 696 711
4 697 711
4 698 711
4 699 712
4 700 712
4 701 712
4 702 713
4 703 713
4 704 713
4 705 713
4 706 714
4 707 714
4 708 714
4 709 714
4 710 715
4 711 715
4 712 715
4 713 716
4 714 716
4 715 716
4 716 716
4 717 716
4 718 717
4 719 717
4 720 717
4 721 717
4 722 718
4 723 718
4 724 718
4 725 718
4 726 719
4 727 719
4 728 719
4 729 719
4 730 719
4 731 720
4 732 720
4 733 720
4 734 720
4 735 720
4 736 721
4 737 721
4 738 721
4 739 721
4 740 721
4 741 722
4 742 722
4 743 722
4 744 722
4 745 722
4 746 722
4 747 723
4 748 723
4 749 723
4 750 723
4 751 723
4 752 723
4 753 724
4 754 724
4 755 724
4 756 724
4 757 724
4 758 724
4 759 724
4 760 725
4 761 725
4 762 725
4 763 725
4 764 725
4 765 725
4 767 725
4 768 725
4 769 725
4 770 726
4 881 726
4 882 726
5 288 0
5 289 3
5 290 12
5 291 21
5 292 29
5 293 35
5 294 40
5 295 46
5 296 52
5 297 58
5 298 64
5 299 70
5 300 76
5 301 83
5 302 89
5 303 95
5 304 101
5 305 107
5 306 113
5 307 117
5 308 120
5 309 124
5 310 128
5 311 131
5 312 135
5 313 138
5 314 142
5 315 145
5 316 149
5 317 152
5 318 156
5 319 160
5 320 163
5 321 167
5 322 171
5 323 175
5 324 179
5 325 183
5 326 187
5 327 191
5 328 194
5 329 197
5 330 200
5 331 203
5 332 206
5 333 210
5 334 213
5 335 217
5 336 220
5 337 224
5 338 227
5 339 231
5 340 234
5 341 238
5 342 242
5 343 245
5 344 249
5 345 254
5 346 258
5 347 262
5 348 266
5 349 270
5 350 273
5 351 276
5 352 279
5 353 282
5 354 285
5 355 288
5 356 292
5 357 295
5 358 298
5 359 302
5 360 305
5 361 309
5 362 312
5 363 316
5 364 319
5 365 323
5 366 326
5 367 329
5 368 333
5 369 336
5 370 339
5 371 343
5 372 345
5 373 348
5 374 350
5 375 352
5 376 355
5 377 357
5 378 360
5 379 362
5 380 365
5 381 367
5 382 370
5 383 372
5 384 375
5 385 378
5 386 380
5 387 383
5 388 386
5 389 388
5 390 391
5 391 394
5 392 397
5 393 399
5 394 402
5 395 405
5 396 408
5 397 411
5 398 414
5 399 417
5 400 419
5 401 421
5 402 423
5 403 425
5 404 428
5 405 430
5 406 432
5 407 434
5 408 436
5 409 439
5 410 441
5 411 443
5 412 445
5 413 448
5 414 450
5 415 452
5 416 454
5 417 456
5 418 458
5 419 460
5 420 462
5 421 464
5 422 466
5 423 468
5 424 470
5 425 472
5 426 474
5 427 476
5 428 478
5 429 480
5 430 483
5 431 484
5 432 486
5 433 488
5 434 490
5 435 492
5 436 494
5 437 496
5 438 497
5 439 499
5 440 501
5 441 503
5 442 505
5 443 507
5 444 509
5 445 511
5 446 513
5 447 515
5 448 517
5 449 518
5 450 520
5 451 521
5 452 523
5 453 525
5 454 526
5 455 528
5 456 529
5 457 531
5 458 532
5 459 534
5 460 536
5 461 537
5 462 539
5 463 540
5 464 542
5 465 543
5 466 545
5 467 546
5 468 548
5 469 549
5 470 551
5 471 552
5 472 553
5 473 555
5 474 556
5 475 557
5 476 559
5 477 560
5 478 562
5 479 563
5 480 565
5 481 566
5 482 567
5 483 569
5 484 570
5 485 572
5 486 573
5 487 575
5 488 576
5 489 577
5 490 578
5 491 580
5 492 581
5 493 582
5 494 583
5 495 585
5 496 586
5 497 587
5 498 588
5 499 590
5 500 591
5 501 592
5 502 594
5 503 595
5 504 596
5 505 598
5 506 599
5 507 600
5 508 602
5 509 603
5 510 604
5 511 605
5 512 606
5 513 608
5 514 609
5 515 610
5 516 611
5 517 612
5 518 613
5 519 615
5 520 616
5 521 617
5 522 618
5 523 619
5 524 620
5 525 621
5 526 622
5 527 623
5 528 624
5 529 625
5 530 626
5 531 627
5 532 628
5 533 629
5 534 630
5 535 631
5 536 632
5 537 632
5 538 633
5 539 634
5 540 635
5 541 636
5 542 637
5 543 638
5 544 639
5 545 640
5 546 641
5 547 641
5 548 642
5 549 643
5 550 644
5 551 645
5 552 646
5 553 646
5 554 647
5 555 648
5 556 649
5 557 650
5 558 651
5 559 651
5 560 652
5 561 653
5 562 654
5 563 655
5 564 655
5 565 656
5 566 657
5 567 658
5 568 658
5 569 659
5 570 660
5 571 661
5 572 662
5 573 662
5 574 663
5 575 664
5 576 665
5 577 665
5 578 666
5 579 667
5 580 667
5 581 668
5 582 669
5 583 670
5 584 670
5 585 671
5 586 672
5 587 673
5 588 673
5 589 674
5 590 674
5 591 675
5 592 676
5 593 676
5 594 677
5 595 678
5 596 678
5 597 679
5 598 680
5 599 680
5 600 681
5 601 682
5 602 682
5 603 683
5 604 684
5 605 684
5 606 685
5 607 685
5 608 686
5 609 687
5 610 687
5 611 688
5 612 689
5 613 689
5 614 690
5 615 690
5 616 691
5 617 692
5 618 692
5 619 693
5 620 693
5 621 694
5 622 694
5 623 695
5 624 695
5 625 696
5 626 697
5 627 697
5 628 698
5 629 698
5 630 699
5 631 699
5 632 700
5 633 700
5 634 701
5 635 701
5 636 702
5 637 702
5 638 703
5 639 703
5 640 704
5 641 704
5 642 705
5 643 705
5 644 706
5 645 706
5 646 707
5 647 707
5 648 708
5 649 708
5 650 709
5 651 709
5 652 710
5 653 710
5 654 710
5 655 711
5 656 711
5 657 712
5 658 712
5 659 712
5 660 713
5 661 713
5 662 713
5 663 714
5 664 714
5 665 715
5 666 715
5 667 715
5 668 716
5 669 716
5 670 716
5 671 717
5 672 717
5 673 717
5 674 718
5 675 718
5 676 718
5 677 719
5 678 719
5 679 719
5 680 720
5 681 720
5 682 720
5 683 721
5 684 721
5 685 721
5 686 722
5 687 722
5 688 722
5 689 723
5 690 723
5 691 723
5 692 723
5 693 724
5 694 724
5 695 724
5 696 725
5 697 725
5 698 725
5 699 725
5 700 726
5 701 726
5 702 726
5 703 726
5 704 727
5 705 727
5 706 727
5 707 727
5 708 728
5 709 728
5 710 728
5 711 728
5 712 728
5 713 729
5 714 729
5 715 729
5 716 729
5 717 730
5 718 730
5 719 730
5 720 730
5 721 730
5 722 731
5 723 731
5 724 731
5 725 731
5 726 731
5 727 731
5 728 732
5 729 732
5 730 732
5 731 732
5 732 732
5 733 732
5 734 733
5 735 733
5 736 733
5 737 733
5 738 733
5 739 733
5 740 734
5 741 734
5 742 734
5 743 734
5 744 734
5 745 734
5 746 734
5 747 735
5 748 735
5 749 735
5 750 735
5 751 735
5 752 735
5 753 735
5 754 735
5 755 735
5 756 736
5 757 736
5 758 736
5 870 737
5 871 736
6 281 0
6 282 6
6 283 15
6 284 24
6 285 33
6 286 39
6 287 45
6 288 51
6 289 57
6 290 63
6 291 69
6 292 75
6 293 81
6 294 87
6 295 93
6 296 100
6 297 106
6 298 112
6 299 118
6 300 122
6 301 125
6 302 129
6 303 132
6 304 136
6 305 139
6 306 143
6 307 146
6 308 150
6 309 154
6 310 157
6 311 161
6 312 165
6 313 169
6 314 172
6 315 176
6 316 180
6 317 185
6 318 189
6 319 193
6 320 197
6 321 200
6 322 203
6 323 207
6 324 210
6 325 213
6 326 217
6 327 220
6 328 224
6 329 227
6 330 231
6 331 234
6 332 238
6 333 242
6 334 246
6 335 250
6 336 254
6 337 258
6 338 262
6 339 266
6 340 271
6 341 275
6 342 278
6 343 281
6 344 285
6 345 288
6 346 291
6 347 295
6 348 298
6 349 301
6 350 305
6 351 308
6 352 312
6 353 315
6 354 319
6 355 322
6 356 325
6 357 329
6 358 332
6 359 335
6 360 339
6 361 342
6 362 346
6 363 349
6 364 352
6 365 354
6 366 357
6 367 359
6 368 362
6 369 364
6 370 367
6 371 369
6 372 372
6 373 375
6 374 377
6 375 380
6 376 382
6 377 385
6 378 388
6 379 391
6 380 393
6 381 396
6 382 399
6 383 402
6 384 405
6 385 408
6 386 411
6 387 414
6 388 417
6 389 419
6 390 422
6 391 425
6 392 427
6 393 429
6 394 431
6 395 434
6 396 436
6 397 438
6 398 440
6 399 442
6 400 445
6 401 447
6 402 449
6 403 452
6 404 454
6 405 456
6 406 459
6 407 461
6 408 463
6 409 465
6 410 467
6 411 469
6 412 471
6 413 473
6 414 475
6 415 477
6 416 479
6 417 481
6 418 484
6 419 486
6 420 488
6 421 490
6 422 492
6 423 494
6 424 496
6 425 498
6 426 500
6 427 502
6 428 504
6 429 506
6 430 508
6 431 510
6 432 512
6 433 514
6 434 516
6 435 517
6 436 519
6 437 521
6 438 523
6 439 525
6 440 527
6 441 528
6 442 530
6 443 531
6 444 533
6 445 534
6 446 536
6 447 537
6 448 539
6 449 541
6 450 542
6 451 544
6 452 546
6 453 547
6 454 549
6 455 550
6 456 552
6 457 554
6 458 555
6 459 557
6 460 558
6 461 559
6 462 561
6 463 562
6 464 564
6 465 565
6 466 566
6 467 568
6 468 569
6 469 571
6 470 572
6 471 574
6 472 575
6 473 577
6 474 578
6 475 580
6 476 581
6 477 583
6 478 584
6 479 586
6 480 587
6 481 588
6 482 589
6 483 591
6 484 592
6 485 593
6 486 595
6 487 596
6 488 597
6 489 599
6 490 600
6 491 601
6 492 603
6 493 604
6 494 605
6 495 607
6 496 608
6 497 609
6 498 611
6 499 612
6 500 613
6 501 614
6 502 616
6 503 617
6 504 618
6 505 619
6 506 620
6 507 621
6 508 622
6 509 624
6 510 625
6 511 626
6 512 627
6 513 628
6 514 629
6 515 630
6 516 631
6 517 632
6 518 633
6 519 634
6 520 635
6 521 636
6 522 637
6 523 638
6 524 639
6 525 640
6 526 640
6 527 641
6 528 642
6 529 643
6 530 644
6 531 645
6 532 646
6 533 647
6 534 648
6 535 649
6 536 650
6 537 651
6 538 651
6 539 652
6 540 653
6 541 654
6 542 655
6 543 656
6 544 657
6 545 658
6 546 658
6 547 659
6 548 660
6 549 661
6 550 662
6 551 663
6 552 663
6 553 664
6 554 665
6 555 666
6 556 667
6 557 668
6 558 668
6 559 669
6 560 670
6 561 671
6 562 672
6 563 672
6 564 673
6 565 674
6 566 675
6 567 675
6 568 676
6 569 677
6 570 678
6 571 678
6 572 679
6 573 680
6 574 681
6 575 681
6 576 682
6 577 683
6 578 684
6 579 684
6 580 685
6 581 686
6 582 686
6 583 687
6 584 688
6 585 688
6 586 689
6 587 690
6 588 690
6 589 691
6 590 692
6 591 692
6 592 693
6 593 694
6 594 694
6 595 695
6 596 696
6 597 696
6 598 697
6 599 697
6 600 698
6 601 699
6 602 699
6 603 700
6 604 701
6 605 701
6 606 702
6 607 703
6 608 703
6 609 704
6 610 704
6 611 705
6 612 705
6 613 706
6 614 707
6 615 707
6 616 708
6 617 708
6 618 709
6 619 709
6 620 710
6 621 710
6 622 711
6 623 711
6 624 712
6 625 712
6 626 713
6 627 713
6 628 714
6 629 714
6 630 715
6 631 715
6 632 716
6 633 716
6 634 717
6 635 717
6 636 717
6 637 718
6 638 718
6 639 719
6 640 719
6 641 720
6 642 720
6 643 720
6 644 721
6 645 721
6 646 722
6 647 722
6 648 723
6 649 723
6 650 723
6 651 724
6 652 724
6 653 725
6 654 725
6 655 725
6 656 726
6 657 726
6 658 726
6 659 727
6 660 727
6 661 727
6 662 728
6 663 728
6 664 728
6 665 729
6 666 729
6 667 729
6 668 730
6 669 730
6 670 730
6 671 731
6 672 731
6 673 731
6 674 731
6 675 732
6 676 732
6 677 732
6 678 733
6 679 733
6 680 733
6 681 733
6 682 734
6 683 734
6 684 734
6 685 735
6 686 735
6 687 735
6 688 735
6 689 736
6 690 736
6 691 736
6 692 736
6 693 737
6 694 737
6 695 737
6 696 737
6 697 738
6 698 738
6 699 738
6 700 738
6 701 738
6 702 739
6 703 739
6 704 739
6 705 739
6 706 740
6 707 740
6 708 740
6 709 740
6 710 740
6 711 741
6 712 741
6 713 741
6 714 741
6 715 741
6 716 742
6 717 742
6 718 742
6 719 742
6 720 742
6 721 742
6 722 743
6 723 743
6 724 743
6 725 743
6 726 743
6 727 743
6 728 744
6 729 744
6 730 744
6 731 744
6 732 744
6 733 744
6 734 744
6 735 745
6 736 745
6 737 745
6 738 745
6 739 745
6 740 745
6 741 745
6 742 745
6 743 746
6 744 746
6 745 746
6 746 746
6 747 746
6 748 746
6 860 746
6 861 746
7 274 0
7 275 7
7 276 16
7 277 25
7 278 34
7 279 42
7 280 48
7 281 54
7 282 60
7 283 66
7 284 72
7 285 78
7 286 85
7 287 91
7 288 97
7 289 103
7 290 109
7 291 115
7 292 121
7 293 126
7 294 130
7 295 133
7 296 136
7 297 140
7 298 144
7 299 147
7 300 151
7 301 154
7 302 158
7 303 162
7 304 165
7 305 169
7 306 173
7 307 177
7 308 181
7 309 185
7 310 189
7 311 194
7 312 198
7 313 203
7 314 206
7 315 209
7 316 213
7 317 216
7 318 220
7 319 223
7 320 227
7 321 230
7 322 234
7 323 237
7 324 241
7 325 245
7 326 249
7 327 253
7 328 257
7 329 261
7 330 266
7 331 270
7 332 275
7 333 279
7 334 283
7 335 287
7 336 290
7 337 293
7 338 297
7 339 300
7 340 303
7 341 307
7 342 310
7 343 314
7 344 317
7 345 321
7 346 324
7 347 327
7 348 331
7 349 334
7 350 337
7 351 341
7 352 344
7 353 348
7 354 351
7 355 355
7 356 358
7 357 361
7 358 363
7 359 366
7 360 368
7 361 371
7 362 373
7 363 376
7 364 379
7 365 381
7 366 384
7 367 387
7 368 389
7 369 392
7 370 395
7 371 398
7 372 401
7 373 404
7 374 406
7 375 409
7 376 412
7 377 415
7 378 418
7 379 421
7 380 424
7 381 427
7 382 430
7 383 432
7 384 435
7 385 437
7 386 439
7 387 441
7 388 444
7 389 446
7 390 448
7 391 450
7 392 453
7 393 455
7 394 457
7 395 460
7 396 462
7 397 465
7 398 467
7 399 469
7 400 471
7 401 473
7 402 475
7 403 477
7 404 480
7 405 482
7 406 484
7 407 486
7 408 488
7 409 491
7 410 493
7 411 495
7 412 497
7 413 500
7 414 502
7 415 504
7 416 506
7 417 508
7 418 510
7 419 512
7 420 514
7 421 516
7 422 517
7 423 519
7 424 521
7 425 523
7 426 525
7 427 527
7 428 529
7 429 531
7 430 533
7 431 534
7 432 536
7 433 537
7 434 539
7 435 541
7 436 542
7 437 544
7 438 545
7 439 547
7 440 549
7 441 550
7 442 552
7 443 553
7 444 555
7 445 557
7 446 559
7 447 560
7 448 562
7 449 564
7 450 565
7 451 566
7 452 568
7 453 569
7 454 571
7 455 572
7 456 574
7 457 575
7 458 577
7 459 578
7 460 580
7 461 581
7 462 583
7 463 584
7 464 586
7 465 587
7 466 589
7 467 591
7 468 592
7 469 594
7 470 595
7 471 596
7 472 598
7 473 599
7 474 600
7 475 602
7 476 603
7 477 604
7 478 606
7 479 607
7 480 608
7 481 610
7 482 611
7 483 613
7 484 614
7 485 615
7 486 616
7 487 618
7 488 619
7 489 620
7 490 622
7 491 623
7 492 624
7 493 625
7 494 626
7 495 627
7 496 628
7 497 630
7 498 631
7 499 632
7 500 633
7 501 634
7 502 635
7 503 636
7 504 637
7 505 638
7 506 639
7 507 640
7 508 641
7 509 642
7 510 643
7 511 644
7 512 645
7 513 646
7 514 647
7 515 648
7 516 649
7 517 650
7 518 651
7 519 652
7 520 653
7 521 654
7 522 655
7 523 656
7 524 657
7 525 658
7 526 659
7 527 660
7 528 661
7 529 661
7 530 662
7 531 663
7 532 664
7 533 665
7 534 666
7 535 667
7 536 668
7 537 669
7 538 670
7 539 671
7 540 671
7 541 672
7 542 673
7 543 674
7 544 675
7 545 675
7 546 676
7 547 677
7 548 678
7 549 679
7 550 680
7 551 681
7 552 681
7 553 682
7 554 683
7 555 684
7 556 685
7 557 685
7 558 686
7 559 687
7 560 688
7 561 688
7 562 689
7 563 690
7 564 691
7 565 692
7 566 692
7 567 693
7 568 694
7 569 694
7 570 695
7 571 696
7 572 697
7 573 697
7 574 698
7 575 699
7 576 699
7 577 700
7 578 701
7 579 702
7 580 702
7 581 703
7 582 704
7 583 704
7 584 705
7 585 706
7 586 706
7 587 707
7 588 708
7 589 708
7 590 709
7 591 710
7 592 710
7 593 711
7 594 711
7 595 712
7 596 713
7 597 713
7 598 714
7 599 714
7 600 715
7 601 715
7 602 716
7 603 716
7 604 717
7 605 717
7 606 718
7 607 719
7 608 719
7 609 720
7 610 720
7 611 721
7 612 721
7 613 722
7 614 722
7 615 723
7 616 723
7 617 724
7 618 724
7 619 725
7 620 725
7 621 726
7 622 726
7 623 726
7 624 727
7 625 727
7 626 728
7 627 728
7 628 729
7 629 729
7 630 729
7 631 730
7 632 730
7 633 731
7 634 731
7 635 731
7 636 732
7 637 732
7 638 733
7 639 733
7 640 733
7 641 734
7 642 734
7 643 734
7 644 735
7 645 735
7 646 735
7 647 736
7 648 736
7 649 737
7 650 737
7 651 737
7 652 738
7 653 738
7 654 738
7 655 739
7 656 739
7 657 739
7 658 740
7 659 740
7 660 740
7 661 741
7 662 741
7 663 741
7 664 741
7 665 742
7 666 742
7 667 742
7 668 743
7 669 743
7 670 743
7 671 743
7 672 744
7 673 744
7 674 744
7 675 745
7 676 745
7 677 745
7 678 745
7 679 746
7 680 746
7 681 746
7 682 747
7 683 747
7 684 747
7 685 747
7 686 747
7 687 748
7 688 748
7 689 748
7 690 748
7 691 749
7 692 749
7 693 749
7 694 749
7 695 750
7 696 750
7 697 750
7 698 750
7 699 750
7 700 751
7 701 751
7 702 751
7 703 751
7 704 752
7 705 752
7 706 752
7 707 752
7 708 752
7 709 752
7 710 753
7 711 753
7 712 753
7 713 753
7 714 753
7 715 754
7 716 754
7 717 754
7 718 754
7 719 754
7 720 754
7 721 754
7 722 755
7 723 755
7 724 755
7 725 755
7 726 755
7 727 755
7 728 755
7 729 756
7 730 756
7 731 756
7 732 756
7 733 756
7 734 756
7 735 756
7 736 756
7 737 756
7 738 757
7 849 757
7 850 757
8 267 0
8 268 6
8 269 15
8 270 24
8 271 34
8 272 43
8 273 50
8 274 56
8 275 62
8 276 68
8 277 75
8 278 81
8 279 87
8 280 93
8 281 99
8 282 105
8 283 111
8 284 118
8 285 123
8 286 128
8 287 133
8 288 136
8 289 140
8 290 143
8 291 147
8 292 150
8 293 154
8 294 158
8 295 161
8 296 165
8 297 169
8 298 173
8 299 177
8 300 181
8 301 185
8 302 189
8 303 193
8 304 198
8 305 202
8 306 207
8 307 211
8 308 215
8 309 218
8 310 222
8 311 225
8 312 229
8 313 232
8 314 236
8 315 239
8 316 243
8 317 247
8 318 251
8 319 255
8 320 259
8 321 264
8 322 268
8 323 273
8 324 277
8 325 282
8 326 287
8 327 291
8 328 294
8 329 298
8 330 301
8 331 305
8 332 308
8 333 311
8 334 315
8 335 318
8 336 322
8 337 325
8 338 329
8 339 332
8 340 335
8 341 339
8 342 342
8 343 345
8 344 349
8 345 352
8 346 356
8 347 360
8 348 363
8 349 367
8 350 369
8 351 372
8 352 374
8 353 377
8 354 380
8 355 382
8 356 385
8 357 388
8 358 390
8 359 393
8 360 396
8 361 399
8 362 402
8 363 404
8 364 407
8 365 410
8 366 413
8 367 416
8 368 419
8 369 422
8 370 425
8 371 428
8 372 431
8 373 434
8 374 436
8 375 439
8 376 442
8 377 444
8 378 446
8 379 448
8 380 451
8 381 453
8 382 455
8 383 458
8 384 460
8 385 463
8 386 465
8 387 468
8 388 470
8 389 473
8 390 475
8 391 477
8 392 479
8 393 481
8 394 484
8 395 486
8 396 488
8 397 490
8 398 493
8 399 495
8 400 497
8 401 499
8 402 502
8 403 504
8 404 506
8 405 509
8 406 511
8 407 513
8 408 515
8 409 517
8 410 519
8 411 521
8 412 522
8 413 524
8 414 526
8 415 528
8 416 530
8 417 532
8 418 534
8 419 536
8 420 538
8 421 539
8 422 541
8 423 543
8 424 545
8 425 546
8 426 548
8 427 549
8 428 551
8 429 553
8 430 554
8 431 556
8 432 558
8 433 559
8 434 561
8 435 563
8 436 565
8 437 566
8 438 568
8 439 570
8 440 572
8 441 573
8 442 575
8 443 576
8 444 578
8 445 579
8 446 581
8 447 582
8 448 584
8 449 585
8 450 587
8 451 588
8 452 590
8 453 592
8 454 593
8 455 595
8 456 596
8 457 598
8 458 600
8 459 601
8 460 603
8 461 604
8 462 605
8 463 607
8 464 608
8 465 610
8 466 611
8 467 612
8 468 614
8 469 615
8 470 616
8 471 618
8 472 619
8 473 620
8 474 622
8 475 623
8 476 624
8 477 626
8 478 627
8 479 628
8 480 629
8 481 631
8 482 632
8 483 633
8 484 634
8 485 635
8 486 636
8 487 637
8 488 638
8 489 640
8 490 641
8 491 642
8 492 643
8 493 644
8 494 645
8 495 646
8 496 647
8 497 648
8 498 649
8 499 650
8 500 651
8 501 652
8 502 653
8 503 655
8 504 656
8 505 657
8 506 658
8 507 659
8 508 660
8 509 661
8 510 662
8 511 663
8 512 664
8 513 665
8 514 666
8 515 667
8 516 668
8 517 669
8 518 669
8 519 670
8 520 671
8 521 672
8 522 673
8 523 674
8 524 675
8 525 676
8 526 677
8 527 678
8 528 679
8 529 680
8 530 681
8 531 681
8 532 682
8 533 683
8 534 684
8 535 685
8 536 686
8 537 687
8 538 688
8 539 688
8 540 689
8 541 690
8 542 691
8 543 692
8 544 693
8 545 693
8 546 694
8 547 695
8 548 696
8 549 697
8 550 697
8 551 698
8 552 699
8 553 700
8 554 701
8 555 702
8 556 702
8 557 703
8 558 704
8 559 705
8 560 705
8 561 706
8 562 707
8 563 708
8 564 708
8 565 709
8 566 710
8 567 710
8 568 711
8 569 712
8 570 713
8 571 713
8 572 714
8 573 714
8 574 715
8 575 716
8 576 716
8 577 717
8 578 718
8 579 718
8 580 719
8 581 719
8 582 720
8 583 721
8 584 721
8 585 722
8 586 722
8 587 723
8 588 724
8 589 724
8 590 725
8 591 725
8 592 726
8 593 726
8 594 727
8 595 727
8 596 728
8 597 728
8 598 729
8 599 729
8 600 730
8 601 730
8 602 731
8 603 731
8 604 732
8 605 732
8 606 733
8 607 733
8 608 734
8 609 734
8 610 735
8 611 735
8 612 735
8 613 736
8 614 736
8 615 737
8 616 737
8 617 738
8 618 738
8 619 739
8 620 739
8 621 739
8 622 740
8 623 740
8 624 741
8 625 741
8 626 741
8 627 742
8 628 742
8 629 743
8 630 743
8 631 743
8 632 744
8 633 744
8 634 745
8 635 745
8 636 745
8 637 746
8 638 746
8 639 746
8 640 747
8 641 747
8 642 747
8 643 748
8 644 748
8 645 748
8 646 749
8 647 749
8 648 749
8 649 750
8 650 750
8 651 750
8 652 751
8 653 751
8 654 751
8 655 752
8 656 752
8 657 752
8 658 753
8 659 753
8 660 753
8 661 754
8 662 754
8 663 754
8 664 754
8 665 755
8 666 755
8 667 755
8 668 756
8 669 756
8 670 756
8 671 756
8 672 757
8 673 757
8 674 757
8 675 757
8 676 758
8 677 758
8 678 758
8 679 758
8 680 759
8 681 759
8 682 759
8 683 759
8 684 760
8 685 760
8 686 760
8 687 760
8 688 761
8 689 761
8 690 761
8 691 761
8 692 761
8 693 762
8 694 762
8 695 762
8 696 762
8 697 762
8 698 763
8 699 763
8 700 763
8 701 763
8 702 763
8 703 764
8 704 764
8 705 764
8 706 764
8 707 764
8 708 764
8 709 765
8 710 765
8 711 765
8 712 765
8 713 765
8 714 765
8 715 765
8 716 766
8 717 766
8 718 766
8 719 766
8 720 766
8 721 766
8 722 766
8 723 766
8 724 767
8 725 767
8 726 767
8 727 767
8 728 767
8 839 768
8 840 767
9 260 0
9 261 4
9 262 13
9 263 22
9 264 31
9 265 40
9 266 50
9 267 57
9 268 63
9 269 69
9 270 75
9 271 82
9 272 88
9 273 94
9 274 100
9 275 106
9 276 112
9 277 118
9 278 124
9 279 129
9 280 134
9 281 139
9 282 142
9 283 146
9 284 149
9 285 153
9 286 157
9 287 160
9 288 164
9 289 168
9 290 172
9 291 176
9 292 180
9 293 184
9 294 188
9 295 192
9 296 196
9 297 201
9 298 206
9 299 210
9 300 215
9 301 219
9 302 223
9 303 226
9 304 230
9 305 233
9 306 237
9 307 241
9 308 244
9 309 248
9 310 252
9 311 256
9 312 261
9 313 265
9 314 269
9 315 274
9 316 279
9 317 283
9 318 288
9 319 293
9 320 298
9 321 301
9 322 305
9 323 308
9 324 312
9 325 315
9 326 319
9 327 322
9 328 325
9 329 329
9 330 332
9 331 335
9 332 339
9 333 342
9 334 346
9 335 349
9 336 353
9 337 356
9 338 360
9 339 363
9 340 367
9 341 371
9 342 374
9 343 377
9 344 380
9 345 382
9 346 385
9 347 388
9 348 390
9 349 393
9 350 396
9 351 399
9 352 402
9 353 404
9 354 407
9 355 410
9 356 413
9 357 416
9 358 419
9 359 422
9 360 425
9 361 428
9 362 431
9 363 434
9 364 436
9 365 439
9 366 442
9 367 445
9 368 448
9 369 450
9 370 453
9 371 455
9 372 457
9 373 460
9 374 462
9 375 465
9 376 467
9 377 470
9 378 472
9 379 475
9 380 477
9 381 480
9 382 482
9 383 485
9 384 487
9 385 489
9 386 491
9 387 494
9 388 496
9 389 498
9 390 501
9 391 503
9 392 505
9 393 508
9 394 510
9 395 512
9 396 515
9 397 517
9 398 519
9 399 521
9 400 523
9 401 525
9 402 527
9 403 529
9 404 531
9 405 532
9 406 534
9 407 536
9 408 538
9 409 540
9 410 542
9 411 544
9 412 546
9 413 548
9 414 550
9 415 551
9 416 553
9 417 555
9 418 556
9 419 558
9 420 560
9 421 561
9 422 563
9 423 565
9 424 567
9 425 568
9 426 570
9 427 572
9 428 574
9 429 576
9 430 577
9 431 579
9 432 581
9 433 582
9 434 584
9 435 586
9 436 587
9 437 589
9 438 590
9 439 592
9 440 593
9 441 595
9 442 597
9 443 598
9 444 600
9 445 601
9 446 603
9 447 605
9 448 606
9 449 608
9 450 610
9 451 611
9 452 613
9 453 614
9 454 615
9 455 617
9 456 618
9 457 619
9 458 621
9 459 622
9 460 623
9 461 625
9 462 626
9 463 627
9 464 629
9 465 630
9 466 631
9 467 632
9 468 634
9 469 635
9 470 636
9 471 638
9 472 639
9 473 640
9 474 641
9 475 642
9 476 643
9 477 645
9 478 646
9 479 647
9 480 648
9 481 649
9 482 650
9 483 652
9 484 653
9 485 654
9 486 655
9 487 656
9 488 657
9 489 658
9 490 659
9 491 660
9 492 661
9 493 663
9 494 664
9 495 665
9 496 666
9 497 667
9 498 668
9 499 669
9 500 670
9 501 671
9 502 672
9 503 673
9 504 674
9 505 675
9 506 676
9 507 677
9 508 678
9 509 679
9 510 680
9 511 681
9 512 682
9 513 683
9 514 684
9 515 685
9 516 686
9 517 687
9 518 688
9 519 689
9 520 690
9 521 691
9 522 691
9 523 692
9 524 693
9 525 694
9 526 695
9 527 696
9 528 697
9 529 698
9 530 699
9 531 699
9 532 700
9 533 701
9 534 702
9 535 703
9 536 704
9 537 705
9 538 705
9 539 706
9 540 707
9 541 708
9 542 709
9 543 710
9 544 710
9 545 711
9 546 712
9 547 713
9 548 714
9 549 714
9 550 715
9 551 716
9 552 716
9 553 717
9 554 718
9 555 718
9 556 719
9 557 720
9 558 720
9 559 721
9 560 722
9 561 723
9 562 723
9 563 724
9 564 725
9 565 725
9 566 726
9 567 726
9 568 727
9 569 727
9 570 728
9 571 729
9 572 729
9 573 730
9 574 730
9 575 731
9 576 732
9 577 732
9 578 733
9 579 733
9 580 734
9 581 734
9 582 735
9 583 735
9 584 736
9 585 736
9 586 737
9 587 737
9 588 738
9 589 738
9 590 739
9 591 740
9 592 740
9 593 741
9 594 741
9 595 741
9 596 742
9 597 742
9 598 743
9 599 743
9 600 744
9 601 744
9 602 745
9 603 745
9 604 746
9 605 746
9 606 747
9 607 747
9 608 748
9 609 748
9 610 748
9 611 749
9 612 749
9 613 750
9 614 750
9 615 751
9 616 751
9 617 751
9 618 752
9 619 752
9 620 753
9 621 753
9 622 753
9 623 754
9 624 754
9 625 755
9 626 755
9 627 755
9 628 756
9 629 756
9 630 756
9 631 757
9 632 757
9 633 758
9 634 758
9 635 758
9 636 759
9 637 759
9 638 759
9 639 760
9 640 760
9 641 760
9 642 761
9 643 761
9 644 761
9 645 762
9 646 762
9 647 762
9 648 763
9 649 763
9 650 763
9 651 764
9 652 764
9 653 764
9 654 764
9 655 765
9 656 765
9 657 765
9 658 766
9 659 766
9 660 766
9 661 766
9 662 767
9 663 767
9 664 767
9 665 768
9 666 768
9 667 768
9 668 768
9 669 769
9 670 769
9 671 769
9 672 769
9 673 770
9 674 770
9 675 770
9 676 770
9 677 770
9 678 771
9 679 771
9 680 771
9 681 771
9 682 772
9 683 772
9 684 772
9 685 772
9 686 772
9 687 773
9 688 773
9 689 773
9 690 773
9 691 773
9 692 774
9 693 774
9 694 774
9 695 774
9 696 774
9 697 775
9 698 775
9 699 775
9 700 775
9 701 775
9 702 775
9 703 775
9 704 776
9 705 776
9 706 776
9 707 776
9 708 776
9 709 776
9 710 776
9 711 777
9 712 777
9 713 777
9 714 777
9 715 777
9 716 777
9 717 777
9 718 777
9 829 778
9 830 777
10 254 0
10 255 9
10 256 17
10 257 26
10 258 36
10 259 45
10 260 55
10 261 63
10 262 69
10 263 75
10 264 81
10 265 87
10 266 93
10 267 100
10 268 106
10 269 112
10 270 118
10 271 124
10 272 129
10 273 134
10 274 139
10 275 144
10 276 147
10 277 151
10 278 155
10 279 158
10 280 162
10 281 166
10 282 170
10 283 173
10 284 177
10 285 181
10 286 186
10 287 190
10 288 194
10 289 198
10 290 203
10 291 208
10 292 212
10 293 218
10 294 223
10 295 227
10 296 230
10 297 234
10 298 237
10 299 241
10 300 245
10 301 249
10 302 252
10 303 257
10 304 261
10 305 265
10 306 270
10 307 274
10 308 279
10 309 284
10 310 289
10 311 294
10 312 299
10 313 304
10 314 307
10 315 311
10 316 314
10 317 318
10 318 321
10 319 325
10 320 328
10 321 331
10 322 335
10 323 338
10 324 341
10 325 345
10 326 348
10 327 352
10 328 355
10 329 359
10 330 363
10 331 366
10 332 370
10 333 374
10 334 378
10 335 381
10 336 384
10 337 387
10 338 389
10 339 392
10 340 395
10 341 398
10 342 401
10 343 403
10 344 406
10 345 409
10 346 412
10 347 415
10 348 418
10 349 421
10 350 424
10 351 427
10 352 430
10 353 433
10 354 435
10 355 438
10 356 441
10 357 444
10 358 447
10 359 451
10 360 454
10 361 456
10 362 459
10 363 461
10 364 463
10 365 466
10 366 468
10 367 471
10 368 473
10 369 476
10 370 479
10 371 481
10 372 484
10 373 487
10 374 489
10 375 492
10 376 494
10 377 496
10 378 498
10 379 501
10 380 503
10 381 505
10 382 508
10 383 510
10 384 513
10 385 515
10 386 517
10 387 520
10 388 522
10 389 524
10 390 527
10 391 528
10 392 530
10 393 532
10 394 534
10 395 536
10 396 538
10 397 540
10 398 542
10 399 544
10 400 545
10 401 547
10 402 549
10 403 551
10 404 553
10 405 555
10 406 557
10 407 559
10 408 561
10 409 563
10 410 564
10 411 566
10 412 568
10 413 570
10 414 571
10 415 573
10 416 575
10 417 577
10 418 579
10 419 580
10 420 582
10 421 584
10 422 586
10 423 588
10 424 590
10 425 591
10 426 593
10 427 594
10 428 596
10 429 598
10 430 599
10 431 601
10 432 603
10 433 604
10 434 606
10 435 608
10 436 609
10 437 611
10 438 613
10 439 614
10 440 616
10 441 617
10 442 619
10 443 621
10 444 622
10 445 623
10 446 625
10 447 626
10 448 627
10 449 628
10 450 630
10 451 631
10 452 632
10 453 634
10 454 635
10 455 636
10 456 637
10 457 639
10 458 640
10 459 641
10 460 643
10 461 644
10 462 645
10 463 647
10 464 648
10 465 649
10 466 650
10 467 652
10 468 653
10 469 654
10 470 655
10 471 656
10 472 657
10 473 659
10 474 660
10 475 661
10 476 662
10 477 663
10 478 664
10 479 666
10 480 667
10 481 668
10 482 669
10 483 670
10 484 671
10 485 672
10 486 673
10 487 675
10 488 676
10 489 677
10 490 678
10 491 679
10 492 680
10 493 681
10 494 682
10 495 683
10 496 684
10 497 685
10 498 686
10 499 687
10 500 688
10 501 689
10 502 690
10 503 691
10 504 692
10 505 693
10 506 694
10 507 695
10 508 696
10 509 697
10 510 698
10 511 699
10 512 700
10 513 701
10 514 702
10 515 703
10 516 704
10 517 705
10 518 706
10 519 707
10 520 708
10 521 708
10 522 709
10 523 710
10 524 711
10 525 712
10 526 713
10 527 714
10 528 714
10 529 715
10 530 716
10 531 717
10 532 718
10 533 718
10 534 719
10 535 720
10 536 721
10 537 721
10 538 722
10 539 723
10 540 724
10 541 724
10 542 725
10 543 726
10 544 727
10 545 727
10 546 728
10 547 728
10 548 729
10 549 730
10 550 730
10 551 731
10 552 732
10 553 732
10 554 733
10 555 734
10 556 734
10 557 735
10 558 735
10 559 736
10 560 737
10 561 737
10 562 738
10 563 738
10 564 739
10 565 740
10 566 740
10 567 741
10 568 741
10 569 742
10 570 743
10 571 743
10 572 744
10 573 744
10 574 745
10 575 745
10 576 746
10 577 746
10 578 747
10 579 747
10 580 748
10 581 749
10 582 749
10 583 750
10 584 750
10 585 751
10 586 751
10 587 752
10 588 752
10 589 753
10 590 753
10 591 753
10 592 754
10 593 754
10 594 755
10 595 755
10 596 756
10 597 756
10 598 757
10 599 757
10 600 758
10 601 758
10 602 759
10 603 759
10 604 759
10 605 760
10 606 760
10 607 761
10 608 761
10 609 762
10 610 762
10 611 762
10 612 763
10 613 763
10 614 764
10 615 764
10 616 764
10 617 765
10 618 765
10 619 766
10 620 766
10 621 766
10 622 767
10 623 767
10 624 768
10 625 768
10 626 768
10 627 769
10 628 769
10 629 769
10 630 770
10 631 770
10 632 770
10 633 771
10 634 771
10 635 771
10 636 772
10 637 772
10 638 772
10 639 773
10 640 773
10 641 773
10 642 774
10 643 774
10 644 774
10 645 775
10 646 775
10 647 775
10 648 775
10 649 776
10 650 776
10 651 776
10 652 777
10 653 777
10 654 777
10 655 777
10 656 778
10 657 778
10 658 778
10 659 779
10 660 779
10 661 779
10 662 779
10 663 780
10 664 780
10 665 780
10 666 780
10 667 781
10 668 781
10 669 781
10 670 781
10 671 782
10 672 782
10 673 782
10 674 782
10 675 782
10 676 783
10 677 783
10 678 783
10 679 783
10 680 783
10 681 784
10 682 784
10 683 784
10 684 784
10 685 784
10 686 785
10 687 785
10 688 785
10 689 785
10 690 785
10 691 785
10 692 786
10 693 786
10 694 786
10 695 786
10 696 786
10 697 786
10 698 786
10 699 787
10 700 787
10 701 787
10 702 787
10 703 787
10 704 787
10 705 787
10 706 788
10 707 788
10 708 788
10 819 789
10 820 788
11 247 0
11 248 3
11 249 11
11 250 20
11 251 29
11 252 38
11 253 48
11 254 58
11 255 67
11 256 73
11 257 79
11 258 85
11 259 91
11 260 98
11 261 104
11 262 110
11 263 116
11 264 122
11 265 127
11 266 132
11 267 138
11 268 143
11 269 148
11 270 152
11 271 155
11 272 159
11 273 163
11 274 167
11 275 170
11 276 174
11 277 178
11 278 182
11 279 186
11 280 190
11 281 195
11 282 199
11 283 204
11 284 208
11 285 213
11 286 218
11 287 223
11 288 229
11 289 233
11 290 236
11 291 240
11 292 244
11 293 248
11 294 252
11 295 256
11 296 260
11 297 264
11 298 268
11 299 273
11 300 278
11 301 282
11 302 287
11 303 292
11 304 297
11 305 303
11 306 308
11 307 313
11 308 316
11 309 320
11 310 323
11 311 326
11 312 330
11 313 333
11 314 336
11 315 340
11 316 343
11 317 346
11 318 350
11 319 353
11 320 357
11 321 361
11 322 364
11 323 368
11 324 372
11 325 376
11 326 380
11 327 383
11 328 388
11 329 390
11 330 393
11 331 396
11 332 399
11 333 401
11 334 404
11 335 407
11 336 410
11 337 413
11 338 416
11 339 419
11 340 422
11 341 425
11 342 428
11 343 431
11 344 434
11 345 436
11 346 439
11 347 442
11 348 445
11 349 448
11 350 452
11 351 455
11 352 458
11 353 461
11 354 464
11 355 466
11 356 469
11 357 471
11 358 474
11 359 476
11 360 479
11 361 481
11 362 484
11 363 487
11 364 489
11 365 492
11 366 495
11 367 498
11 368 500
11 369 502
11 370 505
11 371 507
11 372 510
11 373 512
11 374 514
11 375 517
11 376 519
11 377 521
11 378 524
11 379 526
11 380 528
11 381 531
11 382 533
11 383 535
11 384 537
11 385 539
11 386 540
11 387 542
11 388 544
11 389 546
11 390 548
11 391 550
11 392 552
11 393 554
11 394 556
11 395 558
11 396 560
11 397 563
11 398 565
11 399 566
11 400 568
11 401 570
11 402 572
11 403 574
11 404 575
11 405 577
11 406 579
11 407 581
11 408 583
11 409 585
11 410 586
11 411 588
11 412 590
11 413 592
11 414 594
11 415 596
11 416 598
11 417 600
11 418 601
11 419 603
11 420 604
11 421 606
11 422 608
11 423 609
11 424 611
11 425 613
11 426 615
11 427 616
11 428 618
11 429 619
11 430 621
11 431 623
11 432 624
11 433 626
11 434 627
11 435 629
11 436 630
11 437 631
11 438 633
11 439 634
11 440 635
11 441 637
11 442 638
11 443 639
11 444 640
11 445 642
11 446 643
11 447 644
11 448 646
11 449 647
11 450 648
11 451 650
11 452 651
11 453 653
11 454 654
11 455 655
11 456 657
11 457 658
11 458 659
11 459 660
11 460 662
11 461 663
11 462 664
11 463 665
11 464 666
11 465 668
11 466 669
11 467 670
11 468 671
11 469 672
11 470 674
11 471 675
11 472 676
11 473 677
11 474 678
11 475 679
11 476 681
11 477 682
11 478 683
11 479 684
11 480 685
11 481 686
11 482 687
11 483 688
11 484 689
11 485 691
11 486 692
11 487 693
11 488 694
11 489 695
11 490 696
11 491 697
11 492 698
11 493 699
11 494 700
11 495 701
11 496 702
11 497 703
11 498 704
11 499 705
11 500 706
11 501 707
11 502 708
11 503 709
11 504 710
11 505 711
11 506 712
11 507 713
11 508 714
11 509 715
11 510 716
11 511 717
11 512 717
11 513 718
11 514 719
11 515 720
11 516 721
11 517 722
11 518 723
11 519 723
11 520 724
11 521 725
11 522 726
11 523 727
11 524 727
11 525 728
11 526 729
11 527 730
11 528 730
11 529 731
11 530 732
11 531 732
11 532 733
11 533 734
11 534 734
11 535 735
11 536 736
11 537 736
11 538 737
11 539 738
11 540 738
11 541 739
11 542 740
11 543 741
11 544 741
11 545 742
11 546 742
11 547 743
11 548 744
11 549 744
11 550 745
11 551 745
11 552 746
11 553 747
11 554 747
11 555 748
11 556 749
11 557 749
11 558 750
11 559 750
11 560 751
11 561 752
11 562 752
11 563 753
11 564 753
11 565 754
11 566 754
11 567 755
11 568 755
11 569 756
11 570 757
11 571 757
11 572 758
11 573 758
11 574 759
11 575 759
11 576 760
11 577 760
11 578 761
11 579 761
11 580 762
11 581 762
11 582 763
11 583 763
11 584 764
11 585 764
11 586 765
11 587 765
11 588 766
11 589 766
11 590 767
11 591 767
11 592 768
11 593 768
11 594 769
11 595 769
11 596 770
11 597 770
11 598 770
11 599 771
11 600 771
11 601 772
11 602 772
11 603 773
11 604 773
11 605 773
11 606 774
11 607 774
11 608 775
11 609 775
11 610 775
11 611 776
11 612 776
11 613 777
11 614 777
11 615 777
11 616 778
11 617 778
11 618 778
11 619 779
11 620 779
11 621 780
11 622 780
11 623 780
11 624 781
11 625 781
11 626 781
11 627 782
11 628 782
11 629 782
11 630 783
11 631 783
11 632 783
11 633 784
11 634 784
11 635 784
11 636 785
11 637 785
11 638 785
11 639 786
11 640 786
11 641 786
11 642 786
11 643 787
11 644 787
11 645 787
11 646 788
11 647 788
11 648 788
11 649 788
11 650 789
11 651 789
11 652 789
11 653 789
11 654 790
11 655 790
11 656 790
11 657 791
11 658 791
11 659 791
11 660 791
11 661 791
11 662 792
11 663 792
11 664 792
11 665 792
11 666 793
11 667 793
11 668 793
11 669 793
11 670 793
11 671 794
11 672 794
11 673 794
11 674 794
11 675 794
11 676 795
11 677 795
11 678 795
11 679 795
11 680 795
11 681 796
11 682 796
11 683 796
11 684 796
11 685 796
11 686 796
11 687 797
11 688 797
11 689 797
11 690 797
11 691 797
11 692 797
11 693 797
11 694 797
11 695 798
11 696 798
11 697 798
11 698 798
11 699 798
11 810 798
11 811 798
12 241 0
12 242 3
12 243 11
12 244 20
12 245 29
12 246 39
12 247 48
12 248 58
12 249 69
12 250 75
12 251 82
12 252 88
12 253 94
12 254 100
12 255 106
12 256 112
12 257 118
12 258 124
12 259 129
12 260 135
12 261 140
12 262 145
12 263 150
12 264 155
12 265 159
12 266 162
12 267 166
12 268 170
12 269 174
12 270 178
12 271 182
12 272 186
12 273 190
12 274 194
12 275 199
12 276 203
12 277 208
12 278 213
12 279 218
12 280 223
12 281 228
12 282 233
12 283 238
12 284 242
12 285 245
12 286 249
12 287 253
12 288 257
12 289 262
12 290 266
12 291 270
12 292 275
12 293 280
12 294 284
12 295 289
12 296 294
12 297 300
12 298 305
12 299 310
12 300 316
12 301 320
12 302 323
12 303 327
12 304 330
12 305 333
12 306 337
12 307 340
12 308 343
12 309 347
12 310 350
12 311 354
12 312 357
12 313 361
12 314 365
12 315 368
12 316 372
12 317 376
12 318 380
12 319 384
12 320 388
12 321 392
12 322 396
12 323 398
12 324 401
12 325 404
12 326 407
12 327 410
12 328 413
12 329 416
12 330 419
12 331 422
12 332 425
12 333 428
12 334 431
12 335 433
12 336 436
12 337 439
12 338 442
12 339 445
12 340 448
12 341 451
12 342 454
12 343 458
12 344 461
12 345 464
12 346 468
12 347 470
12 348 473
12 349 475
12 350 478
12 351 481
12 352 483
12 353 486
12 354 489
12 355 491
12 356 494
12 357 497
12 358 500
12 359 503
12 360 505
12 361 508
12 362 510
12 363 513
12 364 515
12 365 517
12 366 520
12 367 522
12 368 524
12 369 527
12 370 529
12 371 531
12 372 534
12 373 536
12 374 538
12 375 540
12 376 542
12 377 544
12 378 546
12 379 548
12 380 550
12 381 552
12 382 554
12 383 556
12 384 558
12 385 560
12 386 562
12 387 565
12 388 567
12 389 569
12 390 571
12 391 573
12 392 575
12 393 577
12 394 579
12 395 580
12 396 582
12 397 584
12 398 586
12 399 588
12 400 590
12 401 592
12 402 594
12 403 596
12 404 598
12 405 599
12 406 601
12 407 604
12 408 606
12 409 607
12 410 609
12 411 611
12 412 612
12 413 614
12 414 616
12 415 617
12 416 619
12 417 620
12 418 622
12 419 624
12 420 625
12 421 627
12 422 628
12 423 630
12 424 632
12 425 633
12 426 635
12 427 636
12 428 638
12 429 639
12 430 640
12 431 641
12 432 643
12 433 644
12 434 645
12 435 647
12 436 648
12 437 650
12 438 651
12 439 652
12 440 654
12 441 655
12 442 656
12 443 658
12 444 659
12 445 661
12 446 662
12 447 664
12 448 665
12 449 666
12 450 667
12 451 669
12 452 670
12 453 671
12 454 672
12 455 674
12 456 675
12 457 676
12 458 678
12 459 679
12 460 680
12 461 681
12 462 682
12 463 684
12 464 685
12 465 686
12 466 687
12 467 688
12 468 690
12 469 691
12 470 692
12 471 693
12 472 694
12 473 695
12 474 696
12 475 698
12 476 699
12 477 700
12 478 701
12 479 702
12 480 703
12 481 704
12 482 706
12 483 707
12 484 708
12 485 709
12 486 710
12 487 711
12 488 712
12 489 713
12 490 714
12 491 715
12 492 716
12 493 717
12 494 718
12 495 719
12 496 720
12 497 720
12 498 721
12 499 722
12 500 723
12 501 724
12 502 725
12 503 726
12 504 727
12 505 727
12 506 728
12 507 729
12 508 730
12 509 731
12 510 731
12 511 732
12 512 733
12 513 734
12 514 734
12 515 735
12 516 736
12 517 737
12 518 738
12 519 738
12 520 739
12 521 740
12 522 741
12 523 741
12 524 742
12 525 743
12 526 743
12 527 744
12 528 745
12 529 745
12 530 746
12 531 747
12 532 747
12 533 748
12 534 749
12 535 750
12 536 750
12 537 751
12 538 752
12 539 752
12 540 753
12 541 753
12 542 754
12 543 755
12 544 755
12 545 756
12 546 757
12 547 757
12 548 758
12 549 759
12 550 759
12 551 760
12 552 760
12 553 761
12 554 761
12 555 762
12 556 763
12 557 763
12 558 764
12 559 764
12 560 765
12 561 766
12 562 766
12 563 767
12 564 767
12 565 768
12 566 768
12 567 769
12 568 769
12 569 770
12 570 770
12 571 771
12 572 772
12 573 772
12 574 773
12 575 773
12 576 774
12 577 774
12 578 775
12 579 775
12 580 776
12 581 776
12 582 777
12 583 777
12 584 777
12 585 778
12 586 778
12 587 779
12 588 779
12 589 780
12 590 780
12 591 781
12 592 781
12 593 782
12 594 782
12 595 782
12 596 783
12 597 783
12 598 784
12 599 784
12 600 785
12 601 785
12 602 785
12 603 786
12 604 786
12 605 787
12 606 787
12 607 787
12 608 788
12 609 788
12 610 788
12 611 789
12 612 789
12 613 790
12 614 790
12 615 790
12 616 791
12 617 791
12 618 791
12 619 792
12 620 792
12 621 792
12 622 793
12 623 793
12 624 793
12 625 794
12 626 794
12 627 794
12 628 795
12 629 795
12 630 795
12 631 796
12 632 796
12 633 796
12 634 797
12 635 797
12 636 797
12 637 797
12 638 798
12 639 798
12 640 798
12 641 799
12 642 799
12 643 799
12 644 799
12 645 800
12 646 800
12 647 800
12 648 800
12 649 801
12 650 801
12 651 801
12 652 801
12 653 802
12 654 802
12 655 802
12 656 802
12 657 803
12 658 803
12 659 803
12 660 803
12 661 804
12 662 804
12 663 804
12 664 804
12 665 804
12 666 805
12 667 805
12 668 805
12 669 805
12 670 805
12 671 805
12 672 806
12 673 806
12 674 806
12 675 806
12 676 806
12 677 807
12 678 807
12 679 807
12 680 807
12 681 807
12 682 807
12 683 807
12 684 808
12 685 808
12 686 808
12 687 808
12 688 808
12 689 808
12 801 808
12 802 808
13 235 0
13 236 1
13 237 9
13 238 18
13 239 27
13 240 36
13 241 46
13 242 56
13 243 66
13 244 76
13 245 82
13 246 88
13 247 95
13 248 101
13 249 107
13 250 113
13 251 119
13 252 125
13 253 130
13 254 135
13 255 140
13 256 146
13 257 151
13 258 156
13 259 161
13 260 165
13 261 168
13 262 172
13 263 176
13 264 180
13 265 184
13 266 188
13 267 193
13 268 197
13 269 201
13 270 206
13 271 211
13 272 216
13 273 221
13 274 226
13 275 231
13 276 237
13 277 242
13 278 246
13 279 250
13 280 254
13 281 258
13 282 262
13 283 266
13 284 271
13 285 275
13 286 280
13 287 285
13 288 290
13 289 295
13 290 300
13 291 305
13 292 311
13 293 316
13 294 322
13 295 326
13 296 329
13 297 333
13 298 336
13 299 339
13 300 343
13 301 346
13 302 349
13 303 353
13 304 357
13 305 360
13 306 364
13 307 367
13 308 371
13 309 375
13 310 379
13 311 383
13 312 387
13 313 391
13 314 395
13 315 399
13 316 403
13 317 406
13 318 409
13 319 412
13 320 415
13 321 418
13 322 421
13 323 423
13 324 426
13 325 429
13 326 432
13 327 435
13 328 438
13 329 441
13 330 444
13 331 447
13 332 450
13 333 453
13 334 456
13 335 459
13 336 463
13 337 466
13 338 469
13 339 473
13 340 476
13 341 479
13 342 481
13 343 484
13 344 487
13 345 489
13 346 492
13 347 495
13 348 498
13 349 500
13 350 503
13 351 506
13 352 509
13 353 512
13 354 515
13 355 517
13 356 519
13 357 522
13 358 524
13 359 526
13 360 529
13 361 531
13 362 533
13 363 535
13 364 538
13 365 540
13 366 542
13 367 545
13 368 547
13 369 549
13 370 551
13 371 553
13 372 555
13 373 557
13 374 559
13 375 561
13 376 563
13 377 566
13 378 568
13 379 570
13 380 572
13 381 574
13 382 576
13 383 579
13 384 581
13 385 583
13 386 584
13 387 586
13 388 588
13 389 590
13 390 592
13 391 594
13 392 596
13 393 598
13 394 600
13 395 602
13 396 604
13 397 606
13 398 608
13 399 610
13 400 612
13 401 614
13 402 616
13 403 617
13 404 619
13 405 621
13 406 622
13 407 624
13 408 625
13 409 627
13 410 629
13 411 630
13 412 632
13 413 633
13 414 635
13 415 636
13 416 638
13 417 640
13 418 641
13 419 643
13 420 644
13 421 646
13 422 647
13 423 648
13 424 650
13 425 651
13 426 652
13 427 654
13 428 655
13 429 657
13 430 658
13 431 659
13 432 661
13 433 662
13 434 664
13 435 665
13 436 667
13 437 668
13 438 670
13 439 671
13 440 673
13 441 674
13 442 675
13 443 676
13 444 678
13 445 679
13 446 680
13 447 682
13 448 683
13 449 684
13 450 686
13 451 687
13 452 688
13 453 689
13 454 691
13 455 692
13 456 693
13 457 694
13 458 695
13 459 697
13 460 698
13 461 699
13 462 700
13 463 702
13 464 703
13 465 704
13 466 705
13 467 706
13 468 707
13 469 709
13 470 710
13 471 711
13 472 712
13 473 713
13 474 714
13 475 715
13 476 716
13 477 717
13 478 718
13 479 719
13 480 720
13 481 721
13 482 722
13 483 723
13 484 724
13 485 725
13 486 726
13 487 727
13 488 728
13 489 729
13 490 730
13 491 730
13 492 731
13 493 732
13 494 733
13 495 734
13 496 735
13 497 736
13 498 736
13 499 737
13 500 738
13 501 739
13 502 740
13 503 740
13 504 741
13 505 742
13 506 743
13 507 743
13 508 744
13 509 745
13 510 746
13 511 747
13 512 747
13 513 748
13 514 749
13 515 750
13 516 750
13 517 751
13 518 752
13 519 752
13 520 753
13 521 754
13 522 755
13 523 755
13 524 756
13 525 757
13 526 758
13 527 758
13 528 759
13 529 760
13 530 760
13 531 761
13 532 762
13 533 762
13 534 763
13 535 763
13 536 764
13 537 765
13 538 765
13 539 766
13 540 767
13 541 767
13 542 768
13 543 769
13 544 769
13 545 770
13 546 770
13 547 771
13 548 772
13 549 772
13 550 773
13 551 773
13 552 774
13 553 775
13 554 775
13 555 776
13 556 776
13 557 777
13 558 778
13 559 778
13 560 779
13 561 779
13 562 780
13 563 780
13 564 781
13 565 781
13 566 782
13 567 782
13 568 783
13 569 783
13 570 784
13 571 784
13 572 785
13 573 785
13 574 786
13 575 786
13 576 787
13 577 787
13 578 788
13 579 788
13 580 789
13 581 789
13 582 790
13 583 790
13 584 791
13 585 791
13 586 792
13 587 792
13 588 792
13 589 793
13 590 793
13 591 794
13 592 794
13 593 795
13 594 795
13 595 795
13 596 796
13 597 796
13 598 797
13 599 797
13 600 797
13 601 798
13 602 798
13 603 799
13 604 799
13 605 799
13 606 800
13 607 800
13 608 800
13 609 801
13 610 801
13 611 802
13 612 802
13 613 802
13 614 803
13 615 803
13 616 803
13 617 804
13 618 804
13 619 804
13 620 805
13 621 805
13 622 805
13 623 806
13 624 806
13 625 806
13 626 806
13 627 807
13 628 807
13 629 807
13 630 808
13 631 808
13 632 808
13 633 809
13 634 809
13 635 809
13 636 809
13 637 810
13 638 810
13 639 810
13 640 810
13 641 811
13 642 811
13 643 811
13 644 811
13 645 812
13 646 812
13 647 812
13 648 812
13 649 813
13 650 813
13 651 813
13 652 813
13 653 813
13 654 814
13 655 814
13 656 814
13 657 814
13 658 814
13 659 815
13 660 815
13 661 815
13 662 815
13 663 815
13 664 815
13 665 816
13 666 816
13 667 816
13 668 816
13 669 816
13 670 816
13 671 816
13 672 817
13 673 817
13 674 817
13 675 817
13 676 817
13 677 817
13 678 817
13 679 817
13 680 818
13 681 818
13 792 818
13 793 818
14 230 0
14 231 5
14 232 13
14 233 22
14 234 31
14 235 41
14 236 50
14 237 61
14 238 71
14 239 81
14 240 87
14 241 93
14 242 100
14 243 106
14 244 112
14 245 118
14 246 124
14 247 129
14 248 134
14 249 139
14 250 145
14 251 150
14 252 155
14 253 161
14 254 166
14 255 169
14 256 173
14 257 177
14 258 181
14 259 185
14 260 189
14 261 194
14 262 198
14 263 202
14 264 207
14 265 212
14 266 217
14 267 222
14 268 227
14 269 232
14 270 238
14 271 244
14 272 249
14 273 253
14 274 257
14 275 261
14 276 265
14 277 270
14 278 274
14 279 279
14 280 284
14 281 289
14 282 294
14 283 299
14 284 304
14 285 309
14 286 315
14 287 320
14 288 326
14 289 330
14 290 334
14 291 337
14 292 340
14 293 344
14 294 347
14 295 351
14 296 354
14 297 358
14 298 361
14 299 365
14 300 369
14 301 373
14 302 376
14 303 380
14 304 384
14 305 388
14 306 392
14 307 397
14 308 401
14 309 405
14 310 409
14 311 412
14 312 415
14 313 418
14 314 421
14 315 424
14 316 427
14 317 430
14 318 432
14 319 435
14 320 438
14 321 441
14 322 444
14 323 447
14 324 450
14 325 453
14 326 457
14 327 460
14 328 463
14 329 466
14 330 470
14 331 473
14 332 477
14 333 480
14 334 483
14 335 486
14 336 489
14 337 491
14 338 494
14 339 497
14 340 500
14 341 503
14 342 506
14 343 508
14 344 511
14 345 514
14 346 517
14 347 520
14 348 522
14 349 525
14 350 527
14 351 529
14 352 532
14 353 534
14 354 536
14 355 538
14 356 541
14 357 543
14 358 546
14 359 548
14 360 550
14 361 553
14 362 555
14 363 557
14 364 559
14 365 561
14 366 563
14 367 565
14 368 568
14 369 570
14 370 572
14 371 574
14 372 576
14 373 578
14 374 581
14 375 583
14 376 585
14 377 588
14 378 589
14 379 591
14 380 593
14 381 595
14 382 597
14 383 599
14 384 601
14 385 603
14 386 605
14 387 607
14 388 609
14 389 611
14 390 613
14 391 616
14 392 617
14 393 619
14 394 621
14 395 623
14 396 625
14 397 626
14 398 628
14 399 629
14 400 631
14 401 632
14 402 634
14 403 636
14 404 637
14 405 639
14 406 640
14 407 642
14 408 644
14 409 645
14 410 647
14 411 649
14 412 650
14 413 652
14 414 653
14 415 655
14 416 656
14 417 657
14 418 659
14 419 660
14 420 662
14 421 663
14 422 664
14 423 666
14 424 667
14 425 669
14 426 670
14 427 672
14 428 673
14 429 675
14 430 676
14 431 678
14 432 679
14 433 681
14 434 682
14 435 683
14 436 685
14 437 686
14 438 687
14 439 689
14 440 690
14 441 691
14 442 693
14 443 694
14 444 695
14 445 697
14 446 698
14 447 699
14 448 700
14 449 702
14 450 703
14 451 704
14 452 706
14 453 707
14 454 708
14 455 709
14 456 711
14 457 712
14 458 713
14 459 714
14 460 715
14 461 716
14 462 717
14 463 718
14 464 720
14 465 721
14 466 722
14 467 723
14 468 724
14 469 725
14 470 726
14 471 727
14 472 728
14 473 729
14 474 730
14 475 731
14 476 732
14 477 732
14 478 733
14 479 734
14 480 735
14 481 736
14 482 737
14 483 738
14 484 739
14 485 740
14 486 740
14 487 741
14 488 742
14 489 743
14 490 744
14 491 745
14 492 746
14 493 746
14 494 747
14 495 748
14 496 749
14 497 750
14 498 750
14 499 751
14 500 752
14 501 753
14 502 754
14 503 755
14 504 755
14 505 756
14 506 757
14 507 758
14 508 758
14 509 759
14 510 760
14 511 761
14 512 761
14 513 762
14 514 763
14 515 764
14 516 764
14 517 765
14 518 766
14 519 767
14 520 767
14 521 768
14 522 769
14 523 769
14 524 770
14 525 771
14 526 771
14 527 772
14 528 773
14 529 773
14 530 774
14 531 775
14 532 775
14 533 776
14 534 777
14 535 777
14 536 778
14 537 778
14 538 779
14 539 780
14 540 780
14 541 781
14 542 782
14 543 782
14 544 783
14 545 783
14 546 784
14 547 785
14 548 785
14 549 786
14 550 786
14 551 787
14 552 787
14 553 788
14 554 789
14 555 789
14 556 790
14 557 790
14 558 791
14 559 791
14 560 792
14 561 792
14 562 793
14 563 793
14 564 794
14 565 794
14 566 795
14 567 795
14 568 796
14 569 796
14 570 797
14 571 797
14 572 798
14 573 798
14 574 799
14 575 799
14 576 800
14 577 800
14 578 801
14 579 801
14 580 802
14 581 802
14 582 802
14 583 803
14 584 803
14 585 804
14 586 804
14 587 805
14 588 805
14 589 806
14 590 806
14 591 806
14 592 807
14 593 807
14 594 808
14 595 808
14 596 808
14 597 809
14 598 809
14 599 809
14 600 810
14 601 810
14 602 811
14 603 811
14 604 811
14 605 812
14 606 812
14 607 812
14 608 813
14 609 813
14 610 813
14 611 814
14 612 814
14 613 814
14 614 815
14 615 815
14 616 815
14 617 815
14 618 816
14 619 816
14 620 816
14 621 817
14 622 817
14 623 817
14 624 817
14 625 818
14 626 818
14 627 818
14 628 818
14 629 819
14 630 819
14 631 819
14 632 819
14 633 820
14 634 820
14 635 820
14 636 820
14 637 821
14 638 821
14 639 821
14 640 821
14 641 822
14 642 822
14 643 822
14 644 822
14 645 822
14 646 823
14 647 823
14 648 823
14 649 823
14 650 823
14 651 824
14 652 824
14 653 824
14 654 824
14 655 824
14 656 824
14 657 825
14 658 825
14 659 825
14 660 825
14 661 825
14 662 825
14 663 826
14 664 826
14 665 826
14 666 826
14 667 826
14 668 826
14 669 826
14 670 826
14 671 827
14 783 827
14 784 827
15 225 0
15 226 6
15 227 15
15 228 24
15 229 33
15 230 42
15 231 52
15 232 62
15 233 73
15 234 83
15 235 90
15 236 96
15 237 103
15 238 109
15 239 115
15 240 121
15 241 126
15 242 132
15 243 137
15 244 142
15 245 147
15 246 153
15 247 158
15 248 163
15 249 169
15 250 173
15 251 177
15 252 181
15 253 185
15 254 189
15 255 193
15 256 198
15 257 202
15 258 207
15 259 211
15 260 216
15 261 221
15 262 227
15 263 232
15 264 237
15 265 243
15 266 249
15 267 254
15 268 258
15 269 263
15 270 267
15 271 271
15 272 276
15 273 281
15 274 285
15 275 290
15 276 295
15 277 301
15 278 306
15 279 311
15 280 317
15 281 322
15 282 328
15 283 333
15 284 337
15 285 340
15 286 344
15 287 347
15 288 351
15 289 354
15 290 358
15 291 361
15 292 365
15 293 369
15 294 372
15 295 376
15 296 380
15 297 384
15 298 388
15 299 392
15 300 396
15 301 401
15 302 405
15 303 410
15 304 414
15 305 417
15 306 420
15 307 423
15 308 426
15 309 429
15 310 431
15 311 434
15 312 437
15 313 440
15 314 443
15 315 446
15 316 449
15 317 452
15 318 455
15 319 459
15 320 462
15 321 465
15 322 469
15 323 472
15 324 475
15 325 479
15 326 483
15 327 486
15 328 490
15 329 492
15 330 495
15 331 498
15 332 501
15 333 503
15 334 506
15 335 509
15 336 512
15 337 515
15 338 518
15 339 521
15 340 524
15 341 527
15 342 529
15 343 531
15 344 533
15 345 536
15 346 538
15 347 540
15 348 543
15 349 545
15 350 548
15 351 550
15 352 552
15 353 555
15 354 557
15 355 560
15 356 562
15 357 564
15 358 566
15 359 568
15 360 570
15 361 573
15 362 575
15 363 577
15 364 579
15 365 582
15 366 584
15 367 586
15 368 588
15 369 591
15 370 593
15 371 595
15 372 597
15 373 599
15 374 601
15 375 603
15 376 605
15 377 607
15 378 609
15 379 611
15 380 614
15 381 616
15 382 618
15 383 620
15 384 622
15 385 624
15 386 626
15 387 628
15 388 629
15 389 631
15 390 632
15 391 634
15 392 635
15 393 637
15 394 639
15 395 640
15 396 642
15 397 643
15 398 645
15 399 647
15 400 648
15 401 650
15 402 652
15 403 653
15 404 655
15 405 657
15 406 658
15 407 660
15 408 661
15 409 663
15 410 664
15 411 666
15 412 667
15 413 668
15 414 670
15 415 671
15 416 673
15 417 674
15 418 676
15 419 677
15 420 679
15 421 681
15 422 682
15 423 684
15 424 685
15 425 687
15 426 688
15 427 690
15 428 691
15 429 692
15 430 694
15 431 695
15 432 696
15 433 698
15 434 699
15 435 701
15 436 702
15 437 703
15 438 705
15 439 706
15 440 707
15 441 709
15 442 710
15 443 711
15 444 712
15 445 714
15 446 715
15 447 716
15 448 717
15 449 718
15 450 720
15 451 721
15 452 722
15 453 723
15 454 724
15 455 725
15 456 726
15 457 727
15 458 728
15 459 729
15 460 730
15 461 731
15 462 732
15 463 733
15 464 734
15 465 735
15 466 736
15 467 737
15 468 738
15 469 739
15 470 740
15 471 741
15 472 742
15 473 743
15 474 744
15 475 745
15 476 745
15 477 746
15 478 747
15 479 748
15 480 749
15 481 750
15 482 751
15 483 752
15 484 753
15 485 753
15 486 754
15 487 755
15 488 756
15 489 757
15 490 758
15 491 758
15 492 759
15 493 760
15 494 761
15 495 762
15 496 763
15 497 763
15 498 764
15 499 765
15 500 766
15 501 766
15 502 767
15 503 768
15 504 769
15 505 770
15 506 770
15 507 771
15 508 772
15 509 773
15 510 773
15 511 774
15 512 775
15 513 776
15 514 776
15 515 777
15 516 778
15 517 778
15 518 779
15 519 780
15 520 780
15 521 781
15 522 782
15 523 782
15 524 783
15 525 784
15 526 785
15 527 785
15 528 786
15 529 786
15 530 787
15 531 788
15 532 788
15 533 789
15 534 790
15 535 790
15 536 791
15 537 792
15 538 792
15 539 793
15 540 793
15 541 794
15 542 795
15 543 795
15 544 796
15 545 796
15 546 797
15 547 797
15 548 798
15 549 799
15 550 799
15 551 800
15 552 800
15 553 801
15 554 801
15 555 802
15 556 802
15 557 803
15 558 803
15 559 804
15 560 804
15 561 805
15 562 805
15 563 806
15 564 806
15 565 807
15 566 807
15 567 808
15 568 808
15 569 809
15 570 809
15 571 810
15 572 810
15 573 811
15 574 811
15 575 812
15 576 812
15 577 813
15 578 813
15 579 813
15 580 814
15 581 814
15 582 815
15 583 815
15 584 815
15 585 816
15 586 816
15 587 816
15 588 817
15 589 817
15 590 818
15 591 818
15 592 818
15 593 819
15 594 819
15 595 819
15 596 820
15 597 820
15 598 820
15 599 821
15 600 821
15 601 821
15 602 822
15 603 822
15 604 822
15 605 823
15 606 823
15 607 823
15 608 824
15 609 824
15 610 824
15 611 824
15 612 825
15 613 825
15 614 825
15 615 826
15 616 826
15 617 826
15 618 826
15 619 827
15 620 827
15 621 827
15 622 827
15 623 828
15 624 828
15 625 828
15 626 828
15 627 829
15 628 829
15 629 829
15 630 829
15 631 829
15 632 830
15 633 830
15 634 830
15 635 830
15 636 831
15 637 831
15 638 831
15 639 831
15 640 831
15 641 831
15 642 832
15 643 832
15 644 832
15 645 832
15 646 832
15 647 833
15 648 833
15 649 833
15 650 833
15 651 833
15 652 833
15 653 833
15 654 834
15 655 834
15 656 834
15 657 834
15 658 834
15 659 834
15 660 834
15 661 834
15 662 835
15 663 835
15 775 835
15 776 835
16 220 0
16 221 5
16 222 13
16 223 22
16 224 31
16 225 41
16 226 50
16 227 61
16 228 71
16 229 81
16 230 91
16 231 97
16 232 104
16 233 110
16 234 116
16 235 122
16 236 127
16 237 132
16 238 138
16 239 143
16 240 148
16 241 153
16 242 159
16 243 164
16 244 170
16 245 175
16 246 179
16 247 183
16 248 187
16 249 191
16 250 196
16 251 200
16 252 204
16 253 209
16 254 214
16 255 219
16 256 224
16 257 229
16 258 235
16 259 240
16 260 246
16 261 252
16 262 258
16 263 263
16 264 267
16 265 271
16 266 276
16 267 281
16 268 285
16 269 290
16 270 295
16 271 300
16 272 306
16 273 311
16 274 317
16 275 322
16 276 327
16 277 333
16 278 338
16 279 342
16 280 345
16 281 349
16 282 352
16 283 356
16 284 360
16 285 363
16 286 367
16 287 371
16 288 374
16 289 378
16 290 382
16 291 386
16 292 390
16 293 394
16 294 399
16 295 403
16 296 407
16 297 412
16 298 416
16 299 420
16 300 423
16 301 426
16 302 429
16 303 432
16 304 435
16 305 438
16 306 441
16 307 444
16 308 447
16 309 450
16 310 453
16 311 456
16 312 459
16 313 462
16 314 466
16 315 469
16 316 473
16 317 476
16 318 480
16 319 483
16 320 487
16 321 491
16 322 494
16 323 497
16 324 500
16 325 503
16 326 506
16 327 509
16 328 512
16 329 515
16 330 518
16 331 520
16 332 523
16 333 526
16 334 529
16 335 532
16 336 534
16 337 536
16 338 539
16 339 541
16 340 543
16 341 546
16 342 548
16 343 551
16 344 553
16 345 555
16 346 558
16 347 561
16 348 563
16 349 566
16 350 568
16 351 570
16 352 572
16 353 574
16 354 577
16 355 579
16 356 581
16 357 583
16 358 586
16 359 588
16 360 590
16 361 593
16 362 595
16 363 597
16 364 600
16 365 602
16 366 604
16 367 606
16 368 608
16 369 610
16 370 612
16 371 614
16 372 616
16 373 618
16 374 620
16 375 622
16 376 624
16 377 626
16 378 628
16 379 630
16 380 632
16 381 634
16 382 636
16 383 637
16 384 639
16 385 640
16 386 642
16 387 644
16 388 645
16 389 647
16 390 649
16 391 650
16 392 652
16 393 654
16 394 655
16 395 657
16 396 659
16 397 661
16 398 662
16 399 664
16 400 666
16 401 667
16 402 669
16 403 670
16 404 672
16 405 673
16 406 674
16 407 676
16 408 678
16 409 679
16 410 681
16 411 682
16 412 684
16 413 685
16 414 687
16 415 688
16 416 690
16 417 692
16 418 693
16 419 695
16 420 696
16 421 698
16 422 699
16 423 700
16 424 702
16 425 703
16 426 705
16 427 706
16 428 708
16 429 709
16 430 710
16 431 712
16 432 713
16 433 714
16 434 716
16 435 717
16 436 718
16 437 719
16 438 720
16 439 722
16 440 723
16 441 724
16 442 725
16 443 726
16 444 727
16 445 728
16 446 730
16 447 731
16 448 732
16 449 733
16 450 734
16 451 735
16 452 736
16 453 737
16 454 738
16 455 739
16 456 740
16 457 741
16 458 742
16 459 743
16 460 744
16 461 745
16 462 746
16 463 747
16 464 748
16 465 749
16 466 750
16 467 751
16 468 751
16 469 752
16 470 753
16 471 754
16 472 755
16 473 756
16 474 757
16 475 758
16 476 759
16 477 760
16 478 761
16 479 762
16 480 762
16 481 763
16 482 764
16 483 765
16 484 766
16 485 767
16 486 767
16 487 768
16 488 769
16 489 770
16 490 771
16 491 772
16 492 772
16 493 773
16 494 774
16 495 775
16 496 776
16 497 776
16 498 777
16 499 778
16 500 779
16 501 779
16 502 780
16 503 781
16 504 782
16 505 783
16 506 783
16 507 784
16 508 785
16 509 785
16 510 786
16 511 787
16 512 788
16 513 788
16 514 789
16 515 790
16 516 790
16 517 791
16 518 792
16 519 793
16 520 793
16 521 794
16 522 795
16 523 795
16 524 796
16 525 796
16 526 797
16 527 798
16 528 798
16 529 799
16 530 800
16 531 800
16 532 801
16 533 802
16 534 802
16 535 803
16 536 803
16 537 804
16 538 805
16 539 805
16 540 806
16 541 806
16 542 807
16 543 808
16 544 808
16 545 809
16 546 809
16 547 810
16 548 810
16 549 811
16 550 811
16 551 812
16 552 812
16 553 813
16 554 813
16 555 814
16 556 814
16 557 815
16 558 815
16 559 816
16 560 816
16 561 817
16 562 817
16 563 818
16 564 818
16 565 818
16 566 819
16 567 819
16 568 820
16 569 820
16 570 821
16 571 821
16 572 821
16 573 822
16 574 822
16 575 823
16 576 823
16 577 823
16 578 824
16 579 824
16 580 825
16 581 825
16 582 825
16 583 826
16 584 826
16 585 826
16 586 827
16 587 827
16 588 827
16 589 828
16 590 828
16 591 828
16 592 829
16 593 829
16 594 829
16 595 830
16 596 830
16 597 830
16 598 831
16 599 831
16 600 831
16 601 832
16 602 832
16 603 832
16 604 832
16 605 833
16 606 833
16 607 833
16 608 833
16 609 834
16 610 834
16 611 834
16 612 835
16 613 835
16 614 835
16 615 835
16 616 836
16 617 836
16 618 836
16 619 836
16 620 836
16 621 837
16 622 837
16 623 837
16 624 837
16 625 838
16 626 838
16 627 838
16 628 838
16 629 838
16 630 839
16 631 839
16 632 839
16 633 839
16 634 839
16 635 840
16 636 840
16 637 840
16 638 840
16 639 840
16 640 840
16 641 841
16 642 841
16 643 841
16 644 841
16 645 841
16 646 841
16 647 841
16 648 842
16 649 842
16 650 842
16 651 842
16 652 842
16 653 842
16 654 842
16 655 842
16 656 843
16 767 844
16 768 843