0 0
1 2.08646
2 2.5
3 3.04228
4 3.35807
5 3.62541
6 3.85957
7 4.06932
8 4.26019
9 4.43598
10 4.59936
11 4.75233
12 4.89643
13 5.03283
14 5.16251
15 5.28624
16 5.40467
17 5.51833
18 5.62768
19 5.73311
20 5.83495
21 5.9335
22 6.02902
23 6.12173
24 6.21182
25 6.29949
26 6.38488
27 6.46814
28 6.54939
29 6.62877
30 6.70636
31 6.78228
32 6.8566
33 6.92941
34 7.00079
35 7.07081
36 7.13952
37 7.20698
38 7.27326
39 7.33841
40 7.40246
41 7.46548
42 7.52749
43 7.58854
44 7.64866
45 7.70789
46 7.76626
47 7.82381
48 7.88055
49 7.93652
50 7.99175
51 8.04626
52 8.10006
53 8.15319
54 8.20566
55 8.2575
56 8.30872
57 8.35935
58 8.40938
59 8.45886
60 8.50778
61 8.55617
62 8.60404
63 8.6514
64 8.69827
65 8.74465
66 8.79056
67 8.83602
68 8.88102
69 8.92559
70 8.96973
71 9.01345
72 9.05677
73 9.09968
74 9.14221
75 9.18435
76 9.22611
77 9.2675
78 9.30854
79 9.34922
80 9.38955
81 9.42954
82 9.4692
83 9.50852
84 9.54753
85 9.58621
86 9.62458
87 9.66265
88 9.70041
89 9.73786
90 9.77503
91 9.8119
92 9.84849
93 9.88479
94 9.92081
95 9.95655
96 9.99202
97 10.0272
98 10.0622
99 10.0968
100 10.1312
101 10.1654
102 10.1992
103 10.2329
104 10.2662
105 10.2993
106 10.3322
107 10.3648
108 10.3972
109 10.4293
110 10.4611
111 10.4927
112 10.5241
113 10.5552
114 10.5861
115 10.6167
116 10.6471
117 10.6772
118 10.7071
119 10.7367
120 10.7661
121 10.7952
122 10.824
123 10.8526
124 10.881
125 10.9091
126 10.9369
127 10.9645
128 10.9918
129 11.0189
130 11.0456
131 11.0721
132 11.0984
133 11.1243
134 11.15
135 11.1754
136 11.2004
137 11.2253
138 11.2498
139 11.274
140 11.2979
141 11.3215
142 11.3448
143 11.3677
144 11.3904
145 11.4127
146 11.4347
147 11.4564
148 11.4777
149 11.4986
150 11.5193
151 11.5395
152 11.5594
153 11.5789
154 11.5981
155 11.6169
156 11.6352
157 11.6532
158 11.6708
159 11.688
160 11.7048
161 11.7212
162 11.7371
163 11.7526
164 11.7677
165 11.7823
166 11.7965
167 11.8103
168 11.8235
169 11.8363
170 11.8487
171 11.8605
172 11.8719
173 11.8828
174 11.8932
175 11.9031
176 11.9125
177 11.9214
178 11.9297
179 11.9376
180 11.9449
181 11.9517
182 11.958
183 11.9637
184 11.9689
185 11.9736
186 11.9777
187 11.9813
188 11.9843
189 11.9868
190 11.9887
191 11.99
192 11.9908
193 11.9911
194 11.9908
195 11.9899
196 11.9885
197 11.9866
198 11.9841
199 11.981
200 11.9774
201 11.9732
202 11.9685
203 11.9633
204 11.9575
205 11.9512
206 11.9444
207 11.937
208 11.9291
209 11.9207
210 11.9118
211 11.9024
212 11.8925
213 11.8821
214 11.8712
215 11.8598
216 11.848
217 11.8357
218 11.8229
219 11.8097
220 11.7961
221 11.782
222 11.7675
223 11.7526
224 11.7372
225 11.7215
226 11.7054
227 11.6889
228 11.672
229 11.6548
230 11.6372
231 11.6193
232 11.6011
233 11.5825
234 11.5636
235 11.5444
236 11.5249
237 11.5051
238 11.4851
239 11.4647
240 11.4442
241 11.4233
242 11.4022
243 11.3809
244 11.3594
245 11.3377
246 11.3157
247 11.2936
248 11.2712
249 11.2487
250 11.226
251 11.2032
252 11.1802
253 11.157
254 11.1338
255 11.1103
256 11.0868
257 11.0631
258 11.0394
259 11.0155
260 10.9915
261 10.9675
262 10.9434
263 10.9191
264 10.8949
265 10.8705
266 10.8461
267 10.8217
268 10.7972
269 10.7726
270 10.748
271 10.7234
272 10.6988
273 10.6741
274 10.6495
275 10.6248
276 10.6001
277 10.5754
278 10.5507
279 10.5261
280 10.5014
281 10.4767
282 10.4521
283 10.4275
284 10.4029
285 10.3783
286 10.3538
287 10.3293
288 10.3048
289 10.2804
290 10.256
291 10.2317
292 10.2074
293 10.1831
294 10.159
295 10.1348
296 10.1107
297 10.0867
298 10.0628
299 10.0389
300 10.015
301 9.99126
302 9.96756
303 9.94393
304 9.92037
305 9.89688
306 9.87346
307 9.85012
308 9.82685
309 9.80366
310 9.78055
311 9.75751
312 9.73456
313 9.71169
314 9.68889
315 9.66618
316 9.64356
317 9.62101
318 9.59855
319 9.57618
320 9.55389
321 9.53169
322 9.50957
323 9.48754
324 9.4656
325 9.44374
326 9.42198
327 9.4003
328 9.37871
329 9.35721
330 9.3358
331 9.31447
332 9.29324
333 9.2721
334 9.25104
335 9.23008
336 9.2092
337 9.18842
338 9.16772
339 9.14711
340 9.1266
341 9.10617
342 9.08583
343 9.06559
344 9.04543
345 9.02536
346 9.00538
347 8.98549
348 8.96569
349 8.94597
350 8.92635
351 8.90681
352 8.88736
353 8.868
354 8.84873
355 8.82954
356 8.81044
357 8.79143
358 8.7725
359 8.75366
360 8.7349
361 8.71624
362 8.69765
363 8.67915
364 8.66074
365 8.64241
366 8.62416
367 8.606
368 8.58792
369 8.56992
370 8.55201
371 8.53417
372 8.51642
373 8.49875
374 8.48116
375 8.46366
376 8.44623
377 8.42888
378 8.41161
379 8.39443
380 8.37732
381 8.36028
382 8.34333
383 8.32645
384 8.30965
385 8.29293
386 8.27629
387 8.25972
388 8.24322
389 8.2268
390 8.21046
391 8.19419
392 8.17799
393 8.16187
394 8.14582
395 8.12984
396 8.11394
397 8.0981
398 8.08234
399 8.06665
400 8.05103
401 8.03548
402 8.02001
403 8.0046
404 7.98926
405 7.97399
406 7.95878
407 7.94365
408 7.92858
409 7.91358
410 7.89865
411 7.88378
412 7.86898
413 7.85424
414 7.83957
415 7.82497
416 7.81043
417 7.79595
418 7.78154
419 7.76719
420 7.75291
421 7.73868
422 7.72452
423 7.71042
424 7.69638
425 7.68241
426 7.66849
427 7.65464
428 7.64084
429 7.62711
430 7.61343
431 7.59981
432 7.58626
433 7.57276
434 7.55931
435 7.54593
436 7.5326
437 7.51933
438 7.50612
439 7.49296
440 7.47986
441 7.46682
442 7.45382
443 7.44089
444 7.42801
445 7.41518
446 7.40241
447 7.38969
448 7.37703
449 7.36441
450 7.35185
451 7.33935
452 7.32689
453 7.31449
454 7.30213
455 7.28983
456 7.27758
457 7.26538
458 7.25323
459 7.24113
460 7.22908
461 7.21708
462 7.20513
463 7.19323
464 7.18137
465 7.16957
466 7.15781
467 7.1461
468 7.13444
469 7.12282
470 7.11125
471 7.09973
472 7.08825
473 7.07682
474 7.06543
475 7.0541
476 7.0428
477 7.03155
478 7.02035
479 7.00919
480 6.99807
481 6.987
482 6.97597
483 6.96498
484 6.95404
485 6.94314
486 6.93228
487 6.92147
488 6.9107
489 6.89996
490 6.88928
491 6.87863
492 6.86802
493 6.85745
494 6.84693
495 6.83644
496 6.826
497 6.8156
498 6.80523
499 6.79491
500 6.78462
501 6.77437
502 6.76417
503 6.754
504 6.74387
505 6.73377
506 6.72372
507 6.7137
508 6.70372
509 6.69378
510 6.68388
511 6.67401
512 6.66418
513 6.65438
514 6.64462
515 6.6349
516 6.62522
517 6.61556
518 6.60595
519 6.59637
520 6.58682
521 6.57731
522 6.56784
523 6.5584
524 6.54899
525 6.53962
526 6.53028
527 6.52098
528 6.51171
529 6.50247
530 6.49327
531 6.4841
532 6.47496
533 6.46585
534 6.45678
535 6.44774
536 6.43873
537 6.42976
538 6.42081
539 6.4119
540 6.40302
541 6.39417
542 6.38535
543 6.37656
544 6.36781
545 6.35908
546 6.35038
547 6.34172
548 6.33308
549 6.32448
550 6.3159
551 6.30736
552 6.29884
553 6.29035
554 6.2819
555 6.27347
556 6.26507
557 6.2567
558 6.24835
559 6.24004
560 6.23176
561 6.2235
562 6.21527
563 6.20707
564 6.1989
565 6.19075
566 6.18263
567 6.17454
568 6.16648
569 6.15844
570 6.15043
571 6.14245
572 6.13449
573 6.12656
574 6.11866
575 6.11078
576 6.10293
577 6.0951
578 6.0873
579 6.07953
580 6.07178
581 6.06406
582 6.05636
583 6.04869
584 6.04104
585 6.03342
586 6.02582
587 6.01825
588 6.0107
589 6.00317
590 5.99567
591 5.9882
592 5.98075
593 5.97332
594 5.96592
595 5.95854
596 5.95118
597 5.94385
598 5.93654
599 5.92925
600 5.92199
601 5.91475
602 5.90753
603 5.90034
604 5.89317
605 5.88602
606 5.87889
607 5.87179
608 5.8647
609 5.85764
610 5.85061
611 5.84359
612 5.8366
613 5.82962
614 5.82267
615 5.81574
616 5.80884
617 5.80195
618 5.79509
619 5.78824
620 5.78142
621 5.77462
622 5.76784
623 5.76108
624 5.75434
625 5.74762
626 5.74092
627 5.73424
628 5.72758
629 5.72094
630 5.71432
631 5.70773
632 5.70115
633 5.69459
634 5.68805
635 5.68153
636 5.67503
637 5.66855
638 5.66209
639 5.65565
640 5.64923
641 5.64282
642 5.63644
643 5.63007
644 5.62373
645 5.6174
646 5.61109
647 5.6048
648 5.59853
649 5.59227
650 5.58604
651 5.57982
652 5.57362
653 5.56744
654 5.56127
655 5.55513
656 5.549
657 5.54289
658 5.5368
659 5.53072
660 5.52467
661 5.51863
662 5.5126
663 5.5066
664 5.50061
665 5.49464
666 5.48869
667 5.48275
668 5.47683
669 5.47092
670 5.46504
671 5.45917
672 5.45332
673 5.44748
674 5.44166
675 5.43585
676 5.43007
677 5.42429
678 5.41854
679 5.4128
680 5.40708
681 5.40137
682 5.39568
683 5.39
684 5.38434
685 5.3787
686 5.37307
687 5.36746
688 5.36186
689 5.35628
690 5.35071
691 5.34516
692 5.33962
693 5.3341
694 5.32859
695 5.3231
696 5.31763
697 5.31217
698 5.30672
699 5.30129
700 5.29587
701 5.29047
702 5.28508
703 5.27971
704 5.27435
705 5.26901
706 5.26368
707 5.25836
708 5.25306
709 5.24777
710 5.2425
711 5.23724
712 5.23199
713 5.22676
714 5.22155
715 5.21634
716 5.21115
717 5.20598
718 5.20081
719 5.19567
720 5.19053
721 5.18541
722 5.1803
723 5.1752
724 5.17012
725 5.16505
726 5.16
727 5.15496
728 5.14993
729 5.14491
730 5.13991
731 5.13492
732 5.12994
733 5.12498
734 5.12003
735 5.11509
736 5.11016
737 5.10525
738 5.10035
739 5.09546
740 5.09059
741 5.08572
742 5.08087
743 5.07603
744 5.07121
745 5.06639
746 5.06159
747 5.0568
748 5.05202
749 5.04726
750 5.04251
751 5.03776
752 5.03303
753 5.02832
754 5.02361
755 5.01892
756 5.01423
757 5.00956
758 5.0049
759 5.00026
760 4.99562
761 4.991
762 4.98638
763 4.98178
764 4.97719
765 4.97261
766 4.96805
767 4.96349
768 4.95895
769 4.95441
770 4.94989
771 4.94538
772 4.94088
773 4.93639
774 4.93191
775 4.92744
776 4.92298
777 4.91854
778 4.9141
779 4.90968
780 4.90526
781 4.90086
782 4.89647
783 4.89208
784 4.88771
785 4.88335
786 4.879
787 4.87466
788 4.87033
789 4.86601
790 4.8617
791 4.8574
792 4.85312
793 4.84884
794 4.84457
795 4.84031
796 4.83606
797 4.83182
798 4.8276
799 4.82338
800 4.81917
801 4.81497
802 4.81078
803 4.8066
804 4.80244
805 4.79828
806 4.79413
807 4.78999
808 4.78586
809 4.78174
810 4.77763
811 4.77353
812 4.76943
813 4.76535
814 4.76128
815 4.75722
816 4.75316
817 4.74912
818 4.74508
819 4.74106
820 4.73704
821 4.73303
822 4.72903
823 4.72504
824 4.72106
825 4.71709
826 4.71313
827 4.70918
828 4.70523
829 4.7013
830 4.69737
831 4.69345
832 4.68954
833 4.68565
834 4.68175
835 4.67787
836 4.674
837 4.67013
838 4.66628
839 4.66243
840 4.65859
841 4.65476
842 4.65094
843 4.64713
844 4.64332
845 4.63953
846 4.63574
847 4.63196
848 4.62819
849 4.62442
850 4.62067
851 4.61692
852 4.61319
853 4.60946
854 4.60574
855 4.60202
856 4.59832
857 4.59462
858 4.59093
859 4.58725
860 4.58358
861 4.57991
862 4.57626
863 4.57261
864 4.56897
865 4.56533
866 4.56171
867 4.55809
868 4.55448
869 4.55088
870 4.54729
871 4.5437
872 4.54012
873 4.53655
874 4.53299
875 4.52943
876 4.52589
877 4.52235
878 4.51881
879 4.51529
880 4.51177
881 4.50826
882 4.50476
883 4.50126
884 4.49777
885 4.49429
886 4.49082
887 4.48735
888 4.4839
889 4.48045
890 4.477
891 4.47357
892 4.47014
893 4.46671
894 4.4633
895 4.45989
896 4.45649
897 4.4531
898 4.44971
899 4.44633
900 4.44296
901 4.43959
902 4.43623
903 4.43288
904 4.42954
905 4.4262
906 4.42287
907 4.41955
908 4.41623
909 4.41292
910 4.40962
911 4.40632
912 4.40303
913 4.39975
914 4.39647
915 4.3932
916 4.38994
917 4.38668
918 4.38343
919 4.38019
920 4.37695
921 4.37372
922 4.3705
923 4.36728
924 4.36407
925 4.36087
926 4.35767
927 4.35448
928 4.3513
929 4.34812
930 4.34495
931 4.34178
932 4.33862
933 4.33547
934 4.33232
935 4.32918
936 4.32605
937 4.32292
938 4.3198
939 4.31669
940 4.31358
941 4.31047
942 4.30738
943 4.30429
944 4.3012
945 4.29813
946 4.29505
947 4.29199
948 4.28893
949 4.28587
950 4.28283
951 4.27978
952 4.27675
953 4.27372
954 4.27069
955 4.26768
956 4.26466
957 4.26166
958 4.25866
959 4.25566
960 4.25267
961 4.24969
962 4.24671
963 4.24374
964 4.24078
965 4.23782
966 4.23486
967 4.23191
968 4.22897
969 4.22603
970 4.2231
971 4.22018
972 4.21726
973 4.21434
974 4.21143
975 4.20853
976 4.20563
977 4.20274
978 4.19985
979 4.19697
980 4.19409
981 4.19122
982 4.18836
983 4.1855
984 4.18264
985 4.1798
986 4.17695
987 4.17411
988 4.17128
989 4.16845
990 4.16563
991 4.16282
992 4.16
993 4.1572
994 4.1544
995 4.1516
996 4.14881
997 4.14603
998 4.14325
999 4.14047
1000 4.1377
1001 4.13494
1002 4.13218
1003 4.12942
1004 4.12667
1005 4.12393
1006 4.12119
1007 4.11846
1008 4.11573
1009 4.11301
1010 4.11029
1011 4.10757
1012 4.10486
1013 4.10216
1014 4.09946
1015 4.09677
1016 4.09408
1017 4.0914
1018 4.08872
1019 4.08604
1020 4.08337
1021 4.08071
1022 4.07805
1023 4.07539
1024 4.07274
1025 4.0701
1026 4.06746
1027 4.06482
1028 4.06219
1029 4.05957
1030 4.05695
1031 4.05433
1032 4.05172
1033 4.04911
1034 4.04651
1035 4.04391
1036 4.04132
1037 4.03873
1038 4.03615
1039 4.03357
1040 4.03099
1041 4.02842
1042 4.02586
1043 4.0233
1044 4.02074
1045 4.01819
1046 4.01564
1047 4.0131
1048 4.01056
1049 4.00803
1050 4.0055
1051 4.00297
1052 4.00045
1053 3.99794
1054 3.99543
1055 3.99292
1056 3.99042
1057 3.98792
1058 3.98543
1059 3.98294
1060 3.98045
1061 3.97797
1062 3.9755
1063 3.97302
1064 3.97056
1065 3.96809
1066 3.96563
1067 3.96318
1068 3.96073
1069 3.95828
1070 3.95584
1071 3.9534
1072 3.95097
1073 3.94854
1074 3.94612
1075 3.94369
1076 3.94128
1077 3.93887
1078 3.93646
1079 3.93405
1080 3.93165
1081 3.92926
1082 3.92686
1083 3.92448
1084 3.92209
1085 3.91971
1086 3.91734
1087 3.91497
1088 3.9126
1089 3.91024
1090 3.90788
1091 3.90552
1092 3.90317
1093 3.90082
1094 3.89848
1095 3.89614
1096 3.89381
1097 3.89147
1098 3.88915
1099 3.88682
1100 3.8845
1101 3.88219
1102 3.87988
1103 3.87757
1104 3.87526
1105 3.87296
1106 3.87067
1107 3.86837
1108 3.86609
1109 3.8638
1110 3.86152
1111 3.85924
1112 3.85697
1113 3.8547
1114 3.85243
1115 3.85017
1116 3.84791
1117 3.84566
1118 3.84341
1119 3.84116
1120 3.83892
1121 3.83668
1122 3.83444
1123 3.83221
1124 3.82998
1125 3.82775
1126 3.82553
1127 3.82332
1128 3.8211
1129 3.81889
1130 3.81668
1131 3.81448
1132 3.81228
1133 3.81009
1134 3.80789
1135 3.80571
1136 3.80352
1137 3.80134
1138 3.79916
1139 3.79699
1140 3.79481
1141 3.79265
1142 3.79048
1143 3.78832
1144 3.78617
1145 3.78401
1146 3.78186
1147 3.77972
1148 3.77757
1149 3.77543
1150 3.7733
1151 3.77116
1152 3.76903
1153 3.76691
1154 3.76479
1155 3.76267
1156 3.76055
1157 3.75844
1158 3.75633
1159 3.75422
1160 3.75212
1161 3.75002
1162 3.74793
1163 3.74584
1164 3.74375
1165 3.74166
1166 3.73958
1167 3.7375
1168 3.73542
1169 3.73335
1170 3.73128
1171 3.72922
1172 3.72715
1173 3.72509
1174 3.72304
1175 3.72099
1176 3.71894
1177 3.71689
1178 3.71485
1179 3.71281
1180 3.71077
1181 3.70874
1182 3.70671
1183 3.70468
1184 3.70265
1185 3.70063
1186 3.69862
1187 3.6966
1188 3.69459
1189 3.69258
1190 3.69058
1191 3.68857
1192 3.68657
1193 3.68458
1194 3.68259
1195 3.6806
1196 3.67861
1197 3.67663
1198 3.67464
1199 3.67267
1200 3.67069
1201 3.66872
1202 3.66675
1203 3.66479
1204 3.66283
1205 3.66087
1206 3.65891
1207 3.65696
1208 3.65501
1209 3.65306
1210 3.65111
1211 3.64917
1212 3.64723
1213 3.6453
1214 3.64337
1215 3.64144
1216 3.63951
1217 3.63758
1218 3.63566
1219 3.63375
1220 3.63183
1221 3.62992
1222 3.62801
1223 3.6261
1224 3.6242
1225 3.6223
1226 3.6204
1227 3.61851
1228 3.61661
1229 3.61472
1230 3.61284
1231 3.61095
1232 3.60907
1233 3.6072
1234 3.60532
1235 3.60345
1236 3.60158
1237 3.59971
1238 3.59785
1239 3.59599
1240 3.59413
1241 3.59227
1242 3.59042
1243 3.58857
1244 3.58672
1245 3.58488
1246 3.58303
1247 3.58119
1248 3.57936
1249 3.57752
1250 3.57569
1251 3.57386
1252 3.57204
1253 3.57022
1254 3.5684
1255 3.56658
1256 3.56476
1257 3.56295
1258 3.56114
1259 3.55933
1260 3.55753
1261 3.55573
1262 3.55393
1263 3.55213
1264 3.55034
1265 3.54855
1266 3.54676
1267 3.54497
1268 3.54319
1269 3.54141
1270 3.53963
1271 3.53785
1272 3.53608
1273 3.53431
1274 3.53254
1275 3.53077
1276 3.52901
1277 3.52725
1278 3.52549
1279 3.52374
1280 3.52198
1281 3.52023
1282 3.51849
1283 3.51674
1284 3.515
1285 3.51326
1286 3.51152
1287 3.50978
1288 3.50805
1289 3.50632
1290 3.50459
1291 3.50287
1292 3.50115
1293 3.49942
1294 3.49771
1295 3.49599
1296 3.49428
1297 3.49257
1298 3.49086
1299 3.48915
1300 3.48745
1301 3.48575
1302 3.48405
1303 3.48235
1304 3.48066
1305 3.47897
1306 3.47728
1307 3.47559
1308 3.47391
1309 3.47222
1310 3.47055
1311 3.46887
1312 3.46719
1313 3.46552
1314 3.46385
1315 3.46218
1316 3.46052
1317 3.45885
1318 3.45719
1319 3.45553
1320 3.45388
1321 3.45222
1322 3.45057
1323 3.44892
1324 3.44727
1325 3.44563
1326 3.44399
1327 3.44235
1328 3.44071
1329 3.43907
1330 3.43744
1331 3.43581
1332 3.43418
1333 3.43255
1334 3.43093
1335 3.42931
1336 3.42769
1337 3.42607
1338 3.42445
1339 3.42284
1340 3.42123
1341 3.41962
1342 3.41801
1343 3.41641
1344 3.4148
1345 3.4132
1346 3.41161
1347 3.41001
1348 3.40842
1349 3.40683
1350 3.40524
1351 3.40365
1352 3.40206
1353 3.40048
1354 3.3989
1355 3.39732
1356 3.39575
1357 3.39417
1358 3.3926
1359 3.39103
1360 3.38946
1361 3.3879
1362 3.38633
1363 3.38477
1364 3.38321
1365 3.38165
1366 3.3801
1367 3.37854
1368 3.37699
1369 3.37544
1370 3.3739
1371 3.37235
1372 3.37081
1373 3.36927
1374 3.36773
1375 3.36619
1376 3.36466
1377 3.36313
1378 3.3616
1379 3.36007
1380 3.35854
1381 3.35702
1382 3.35549
1383 3.35397
1384 3.35246
1385 3.35094
1386 3.34942
1387 3.34791
1388 3.3464
1389 3.34489
1390 3.34339
1391 3.34188
1392 3.34038
1393 3.33888
1394 3.33738
1395 3.33589
1396 3.33439
1397 3.3329
1398 3.33141
1399 3.32992
1400 3.32843
1401 3.32695
1402 3.32546
1403 3.32398
1404 3.3225
1405 3.32103
1406 3.31955
1407 3.31808
1408 3.31661
1409 3.31514
1410 3.31367
1411 3.31221
1412 3.31074
1413 3.30928
1414 3.30782
1415 3.30636
1416 3.30491
1417 3.30345
1418 3.302
1419 3.30055
1420 3.2991
1421 3.29765
1422 3.29621
1423 3.29477
1424 3.29333
1425 3.29189
1426 3.29045
1427 3.28901
1428 3.28758
1429 3.28615
1430 3.28472
1431 3.28329
1432 3.28186
1433 3.28044
1434 3.27902
1435 3.2776
1436 3.27618
1437 3.27476
1438 3.27334
1439 3.27193
1440 3.27052
1441 3.26911
1442 3.2677
1443 3.26629
1444 3.26489
1445 3.26349
1446 3.26208
1447 3.26068
1448 3.25929
1449 3.25789
1450 3.2565
1451 3.25511
1452 3.25371
1453 3.25233
1454 3.25094
1455 3.24955
1456 3.24817
1457 3.24679
1458 3.24541
1459 3.24403
1460 3.24265
1461 3.24128
1462 3.2399
1463 3.23853
1464 3.23716
1465 3.23579
1466 3.23443
1467 3.23306
1468 3.2317
1469 3.23034
1470 3.22898
1471 3.22762
1472 3.22627
1473 3.22491
1474 3.22356
1475 3.22221
1476 3.22086
1477 3.21951
1478 3.21816
1479 3.21682
1480 3.21548
1481 3.21414
1482 3.2128
1483 3.21146
1484 3.21012
1485 3.20879
1486 3.20745
1487 3.20612
1488 3.20479
1489 3.20347
1490 3.20214
1491 3.20081
1492 3.19949
1493 3.19817
1494 3.19685
1495 3.19553
1496 3.19421
1497 3.1929
1498 3.19159
1499 3.19027
1500 3.18896
1501 3.18766
1502 3.18635
1503 3.18504
1504 3.18374
1505 3.18244
1506 3.18114
1507 3.17984
1508 3.17854
1509 3.17724
1510 3.17595
1511 3.17466
1512 3.17336
1513 3.17207
1514 3.17079
1515 3.1695
1516 3.16821
1517 3.16693
1518 3.16565
1519 3.16437
1520 3.16309
1521 3.16181
1522 3.16054
1523 3.15926
1524 3.15799
1525 3.15672
1526 3.15545
1527 3.15418
1528 3.15291
1529 3.15165
1530 3.15038
1531 3.14912
1532 3.14786
1533 3.1466
1534 3.14534
1535 3.14409
1536 3.14283
1537 3.14158
1538 3.14033
1539 3.13908
1540 3.13783
1541 3.13658
1542 3.13534
1543 3.13409
1544 3.13285
1545 3.13161
1546 3.13037
1547 3.12913
1548 3.12789
1549 3.12666
1550 3.12542
1551 3.12419
1552 3.12296
1553 3.12173
1554 3.1205
1555 3.11927
1556 3.11805
1557 3.11682
1558 3.1156
1559 3.11438
1560 3.11316
1561 3.11194
1562 3.11073
1563 3.10951
1564 3.1083
1565 3.10708
1566 3.10587
1567 3.10466
1568 3.10346
1569 3.10225
1570 3.10104
1571 3.09984
1572 3.09864
1573 3.09743
1574 3.09623
1575 3.09504
1576 3.09384
1577 3.09264
1578 3.09145
1579 3.09026
1580 3.08906
1581 3.08787
1582 3.08668
1583 3.0855
1584 3.08431
1585 3.08313
1586 3.08194
1587 3.08076
1588 3.07958
1589 3.0784
1590 3.07722
1591 3.07605
1592 3.07487
1593 3.0737
1594 3.07252
1595 3.07135
1596 3.07018
1597 3.06901
1598 3.06785
1599 3.06668
1600 3.06552
1601 3.06435
1602 3.06319
1603 3.06203
1604 3.06087
1605 3.05971
1606 3.05855
1607 3.0574
1608 3.05625
1609 3.05509
1610 3.05394
1611 3.05279
1612 3.05164
1613 3.05049
1614 3.04935
1615 3.0482
1616 3.04706
1617 3.04592
1618 3.04478
1619 3.04364
1620 3.0425
1621 3.04136
1622 3.04022
1623 3.03909
1624 3.03796
1625 3.03682
1626 3.03569
1627 3.03456
1628 3.03343
1629 3.03231
1630 3.03118
1631 3.03006
1632 3.02893
1633 3.02781
1634 3.02669
1635 3.02557
1636 3.02445
1637 3.02333
1638 3.02222
1639 3.0211
1640 3.01999
1641 3.01888
1642 3.01777
1643 3.01666
1644 3.01555
1645 3.01444
1646 3.01334
1647 3.01223
1648 3.01113
1649 3.01002
1650 3.00892
1651 3.00782
1652 3.00673
1653 3.00563
1654 3.00453
1655 3.00344
1656 3.00234
1657 3.00125
1658 3.00016
1659 2.99907
1660 2.99798
1661 2.99689
1662 2.9958
1663 2.99472
1664 2.99363
1665 2.99255
1666 2.99147
1667 2.99039
1668 2.98931
1669 2.98823
1670 2.98715
1671 2.98608
1672 2.985
1673 2.98393
1674 2.98285
1675 2.98178
1676 2.98071
1677 2.97964
1678 2.97858
1679 2.97751
1680 2.97644
1681 2.97538
1682 2.97431
1683 2.97325
1684 2.97219
1685 2.97113
1686 2.97007
1687 2.96902
1688 2.96796
1689 2.9669
1690 2.96585
1691 2.9648
1692 2.96374
1693 2.96269
1694 2.96164
1695 2.96059
1696 2.95955
1697 2.9585
1698 2.95746
1699 2.95641
1700 2.95537
1701 2.95433
1702 2.95329
1703 2.95225
1704 2.95121
1705 2.95017
1706 2.94913
1707 2.9481
1708 2.94706
1709 2.94603
1710 2.945
1711 2.94397
1712 2.94294
1713 2.94191
1714 2.94088
1715 2.93986
1716 2.93883
1717 2.93781
1718 2.93678
1719 2.93576
1720 2.93474
1721 2.93372
1722 2.9327
1723 2.93168
1724 2.93067
1725 2.92965
1726 2.92864
1727 2.92762
1728 2.92661
1729 2.9256
1730 2.92459
1731 2.92358
1732 2.92257
1733 2.92156
1734 2.92056
1735 2.91955
1736 2.91855
1737 2.91755
1738 2.91654
1739 2.91554
1740 2.91454
1741 2.91354
1742 2.91255
1743 2.91155
1744 2.91055
1745 2.90956
1746 2.90857
1747 2.90757
1748 2.90658
1749 2.90559
1750 2.9046
1751 2.90361
1752 2.90263
1753 2.90164
1754 2.90065
1755 2.89967
1756 2.89869
1757 2.8977
1758 2.89672
1759 2.89574
1760 2.89476
1761 2.89378
1762 2.89281
1763 2.89183
1764 2.89085
1765 2.88988
1766 2.88891
1767 2.88793
1768 2.88696
1769 2.88599
1770 2.88502
1771 2.88406
1772 2.88309
1773 2.88212
1774 2.88116
1775 2.88019
1776 2.87923
1777 2.87827
1778 2.87731
1779 2.87634
1780 2.87539
1781 2.87443
1782 2.87347
1783 2.87251
1784 2.87156
1785 2.8706
1786 2.86965
1787 2.8687
1788 2.86774
1789 2.86679
1790 2.86584
1791 2.8649
1792 2.86395
1793 2.863
1794 2.86205
1795 2.86111
1796 2.86017
1797 2.85922
1798 2.85828
1799 2.85734
1800 2.8564
1801 2.85546
1802 2.85452
1803 2.85358
1804 2.85265
1805 2.85171
1806 2.85078
1807 2.84984
1808 2.84891
1809 2.84798
1810 2.84705
1811 2.84612
1812 2.84519
1813 2.84426
1814 2.84333
1815 2.84241
1816 2.84148
1817 2.84056
1818 2.83964
1819 2.83871
1820 2.83779
1821 2.83687
1822 2.83595
1823 2.83503
1824 2.83411
1825 2.8332
1826 2.83228
1827 2.83137
1828 2.83045
1829 2.82954
1830 2.82863
1831 2.82771
1832 2.8268
1833 2.82589
1834 2.82498
1835 2.82408
1836 2.82317
1837 2.82226
1838 2.82136
1839 2.82045
1840 2.81955
1841 2.81865
1842 2.81775
1843 2.81684
1844 2.81594
1845 2.81505
1846 2.81415
1847 2.81325
1848 2.81235
1849 2.81146
1850 2.81056
1851 2.80967
1852 2.80878
1853 2.80788
1854 2.80699
1855 2.8061
1856 2.80521
1857 2.80433
1858 2.80344
1859 2.80255
1860 2.80166
1861 2.80078
1862 2.7999
1863 2.79901
1864 2.79813
1865 2.79725
1866 2.79637
1867 2.79549
1868 2.79461
1869 2.79373
1870 2.79285
1871 2.79197
1872 2.7911
1873 2.79022
1874 2.78935
1875 2.78848
1876 2.7876
1877 2.78673
1878 2.78586
1879 2.78499
1880 2.78412
1881 2.78326
1882 2.78239
1883 2.78152
1884 2.78066
1885 2.77979
1886 2.77893
1887 2.77806
1888 2.7772
1889 2.77634
1890 2.77548
1891 2.77462
1892 2.77376
1893 2.7729
1894 2.77204
1895 2.77119
1896 2.77033
1897 2.76948
1898 2.76862
1899 2.76777
1900 2.76692
1901 2.76606
1902 2.76521
1903 2.76436
1904 2.76351
1905 2.76267
1906 2.76182
1907 2.76097
1908 2.76013
1909 2.75928
1910 2.75844
1911 2.75759
1912 2.75675
1913 2.75591
1914 2.75507
1915 2.75423
1916 2.75339
1917 2.75255
1918 2.75171
1919 2.75087
1920 2.75003
1921 2.7492
1922 2.74836
1923 2.74753
1924 2.7467
1925 2.74586
1926 2.74503
1927 2.7442
1928 2.74337
1929 2.74254
1930 2.74171
1931 2.74088
1932 2.74006
1933 2.73923
1934 2.7384
1935 2.73758
1936 2.73676
1937 2.73593
1938 2.73511
1939 2.73429
1940 2.73347
1941 2.73265
1942 2.73183
1943 2.73101
1944 2.73019
1945 2.72937
1946 2.72856
1947 2.72774
1948 2.72693
1949 2.72611
1950 2.7253
1951 2.72449
1952 2.72367
1953 2.72286
1954 2.72205
1955 2.72124
1956 2.72043
1957 2.71962
1958 2.71882
1959 2.71801
1960 2.7172
1961 2.7164
1962 2.7156
1963 2.71479
1964 2.71399
1965 2.71319
1966 2.71238
1967 2.71158
1968 2.71078
1969 2.70998
1970 2.70919
1971 2.70839
1972 2.70759
1973 2.70679
1974 2.706
1975 2.7052
1976 2.70441
1977 2.70362
1978 2.70282
1979 2.70203
1980 2.70124
1981 2.70045
1982 2.69966
1983 2.69887
1984 2.69808
1985 2.69729
1986 2.69651
1987 2.69572
1988 2.69493
1989 2.69415
1990 2.69337
1991 2.69258
1992 2.6918
1993 2.69102
1994 2.69024
1995 2.68946
1996 2.68868
1997 2.6879
1998 2.68712
1999 2.68634
2000 2.68556
2001 2.68479
2002 2.68401
2003 2.68324
2004 2.68246
2005 2.68169
2006 2.68091
2007 2.68014
2008 2.67937
2009 2.6786
2010 2.67783
2011 2.67706
2012 2.67629
2013 2.67552
2014 2.67476
2015 2.67399
2016 2.67322
2017 2.67246
2018 2.67169
2019 2.67093
2020 2.67017
2021 2.6694
2022 2.66864
2023 2.66788
2024 2.66712
2025 2.66636
2026 2.6656
2027 2.66484
2028 2.66408
2029 2.66333
2030 2.66257
2031 2.66181
2032 2.66106
2033 2.66031
2034 2.65955
2035 2.6588
2036 2.65805
2037 2.65729
2038 2.65654
2039 2.65579
2040 2.65504
2041 2.65429
2042 2.65354
2043 2.6528
2044 2.65205
2045 2.6513
2046 2.65056
2047 2.64981
2048 2.64907
2049 2.64832
2050 2.64758
2051 2.64684
2052 2.6461
2053 2.64535
2054 2.64461
2055 2.64387
2056 2.64313
2057 2.6424
2058 2.64166
2059 2.64092
2060 2.64018
2061 2.63945
2062 2.63871
2063 2.63798
2064 2.63724
2065 2.63651
2066 2.63578
2067 2.63504
2068 2.63431
2069 2.63358
2070 2.63285
2071 2.63212
2072 2.63139
2073 2.63066
2074 2.62994
2075 2.62921
2076 2.62848
2077 2.62776
2078 2.62703
2079 2.62631
2080 2.62558
2081 2.62486
2082 2.62413
2083 2.62341
2084 2.62269
2085 2.62197
2086 2.62125
2087 2.62053
2088 2.61981
2089 2.61909
2090 2.61837
2091 2.61766
2092 2.61694
2093 2.61622
2094 2.61551
2095 2.61479
2096 2.61408
2097 2.61337
2098 2.61265
2099 2.61194
2100 2.61123
2101 2.61052
2102 2.60981
2103 2.6091
2104 2.60839
2105 2.60768
2106 2.60697
2107 2.60627
2108 2.60556
2109 2.60485
2110 2.60415
2111 2.60344
2112 2.60274
2113 2.60203
2114 2.60133
2115 2.60063
2116 2.59993
2117 2.59922
2118 2.59852
2119 2.59782
2120 2.59712
2121 2.59642
2122 2.59573
2123 2.59503
2124 2.59433
2125 2.59363
2126 2.59294
2127 2.59224
2128 2.59155
2129 2.59085
2130 2.59016
2131 2.58947
2132 2.58877
2133 2.58808
2134 2.58739
2135 2.5867
2136 2.58601
2137 2.58532
2138 2.58463
2139 2.58394
2140 2.58325
2141 2.58257
2142 2.58188
2143 2.58119
2144 2.58051
2145 2.57982
2146 2.57914
2147 2.57845
2148 2.57777
2149 2.57709
2150 2.57641
2151 2.57572
2152 2.57504
2153 2.57436
2154 2.57368
2155 2.573
2156 2.57232
2157 2.57165
2158 2.57097
2159 2.57029
2160 2.56961
2161 2.56894
2162 2.56826
2163 2.56759
2164 2.56691
2165 2.56624
2166 2.56557
2167 2.56489
2168 2.56422
2169 2.56355
2170 2.56288
2171 2.56221
2172 2.56154
2173 2.56087
2174 2.5602
2175 2.55953
2176 2.55887
2177 2.5582
2178 2.55753
2179 2.55687
2180 2.5562
2181 2.55554
2182 2.55487
2183 2.55421
2184 2.55354
2185 2.55288
2186 2.55222
2187 2.55156
2188 2.5509
2189 2.55024
2190 2.54958
2191 2.54892
2192 2.54826
2193 2.5476
2194 2.54694
2195 2.54628
2196 2.54563
2197 2.54497
2198 2.54432
2199 2.54366
2200 2.54301
2201 2.54235
2202 2.5417
2203 2.54105
2204 2.54039
2205 2.53974
2206 2.53909
2207 2.53844
2208 2.53779
2209 2.53714
2210 2.53649
2211 2.53584
2212 2.53519
2213 2.53455
2214 2.5339
2215 2.53325
2216 2.53261
2217 2.53196
2218 2.53131
2219 2.53067
2220 2.53003
2221 2.52938
2222 2.52874
2223 2.5281
2224 2.52746
2225 2.52681
2226 2.52617
2227 2.52553
2228 2.52489
2229 2.52425
2230 2.52361
2231 2.52298
2232 2.52234
2233 2.5217
2234 2.52106
2235 2.52043
2236 2.51979
2237 2.51916
2238 2.51852
2239 2.51789
2240 2.51725
2241 2.51662
2242 2.51599
2243 2.51536
2244 2.51472
2245 2.51409
2246 2.51346
2247 2.51283
2248 2.5122
2249 2.51157
2250 2.51094
2251 2.51032
2252 2.50969
2253 2.50906
2254 2.50843
2255 2.50781
2256 2.50718
2257 2.50656
2258 2.50593
2259 2.50531
2260 2.50468
2261 2.50406
2262 2.50344
2263 2.50282
2264 2.50219
2265 2.50157
2266 2.50095
2267 2.50033
2268 2.49971
2269 2.49909
2270 2.49847
2271 2.49786
2272 2.49724
2273 2.49662
2274 2.496
2275 2.49539
2276 2.49477
2277 2.49416
2278 2.49354
2279 2.49293
2280 2.49231
2281 2.4917
2282 2.49109
2283 2.49047
2284 2.48986
2285 2.48925
2286 2.48864
2287 2.48803
2288 2.48742
2289 2.48681
2290 2.4862
2291 2.48559
2292 2.48498
2293 2.48438
2294 2.48377
2295 2.48316
2296 2.48256
2297 2.48195
2298 2.48134
2299 2.48074
2300 2.48014
2301 2.47953
2302 2.47893
2303 2.47832
2304 2.47772
2305 2.47712
2306 2.47652
2307 2.47592
2308 2.47532
2309 2.47472
2310 2.47412
2311 2.47352
2312 2.47292
2313 2.47232
2314 2.47172
2315 2.47113
2316 2.47053
2317 2.46993
2318 2.46934
2319 2.46874
2320 2.46815
2321 2.46755
2322 2.46696
2323 2.46636
2324 2.46577
2325 2.46518
2326 2.46458
2327 2.46399
2328 2.4634
2329 2.46281
2330 2.46222
2331 2.46163
2332 2.46104
2333 2.46045
2334 2.45986
2335 2.45927
2336 2.45869
2337 2.4581
2338 2.45751
2339 2.45693
2340 2.45634
2341 2.45575
2342 2.45517
2343 2.45458
2344 2.454
2345 2.45342
2346 2.45283
2347 2.45225
2348 2.45167
2349 2.45109
2350 2.4505
2351 2.44992
2352 2.44934
2353 2.44876
2354 2.44818
2355 2.4476
2356 2.44702
2357 2.44645
2358 2.44587
2359 2.44529
2360 2.44471
2361 2.44414
2362 2.44356
2363 2.44298
2364 2.44241
2365 2.44183
2366 2.44126
2367 2.44069
2368 2.44011
2369 2.43954
2370 2.43897
2371 2.43839
2372 2.43782
2373 2.43725
2374 2.43668
2375 2.43611
2376 2.43554
2377 2.43497
2378 2.4344
2379 2.43383
2380 2.43326
2381 2.43269
2382 2.43213
2383 2.43156
2384 2.43099
2385 2.43043
2386 2.42986
2387 2.42929
2388 2.42873
2389 2.42816
2390 2.4276
2391 2.42704
2392 2.42647
2393 2.42591
2394 2.42535
2395 2.42479
2396 2.42422
2397 2.42366
2398 2.4231
2399 2.42254
2400 2.42198
2401 2.42142
2402 2.42086
2403 2.4203
2404 2.41975
2405 2.41919
2406 2.41863
2407 2.41807
2408 2.41752
2409 2.41696
2410 2.4164
2411 2.41585
2412 2.41529
2413 2.41474
2414 2.41418
2415 2.41363
2416 2.41308
2417 2.41252
2418 2.41197
2419 2.41142
2420 2.41087
2421 2.41032
2422 2.40977
2423 2.40921
2424 2.40866
2425 2.40811
2426 2.40757
2427 2.40702
2428 2.40647
2429 2.40592
2430 2.40537
2431 2.40482
2432 2.40428
2433 2.40373
2434 2.40319
2435 2.40264
2436 2.40209
2437 2.40155
2438 2.40101
2439 2.40046
2440 2.39992
2441 2.39937
2442 2.39883
2443 2.39829
2444 2.39775
2445 2.3972
2446 2.39666
2447 2.39612
2448 2.39558
2449 2.39504
2450 2.3945
2451 2.39396
2452 2.39342
2453 2.39289
2454 2.39235
2455 2.39181
2456 2.39127
2457 2.39073
2458 2.3902
2459 2.38966
2460 2.38913
2461 2.38859
2462 2.38806
2463 2.38752
2464 2.38699
2465 2.38645
2466 2.38592
2467 2.38539
2468 2.38485
2469 2.38432
2470 2.38379
2471 2.38326
2472 2.38273
2473 2.3822
2474 2.38167
2475 2.38114
2476 2.38061
2477 2.38008
2478 2.37955
2479 2.37902
2480 2.37849
2481 2.37796
2482 2.37744
2483 2.37691
2484 2.37638
2485 2.37586
2486 2.37533
2487 2.3748
2488 2.37428
2489 2.37375
2490 2.37323
2491 2.37271
2492 2.37218
2493 2.37166
2494 2.37114
2495 2.37061
2496 2.37009
2497 2.36957
2498 2.36905
2499 2.36853
2500 2.36801
2501 2.36749
2502 2.36697
2503 2.36645
2504 2.36593
2505 2.36541
2506 2.36489
2507 2.36437
2508 2.36386
2509 2.36334
2510 2.36282
2511 2.36231
2512 2.36179
2513 2.36127
2514 2.36076
2515 2.36024
2516 2.35973
2517 2.35921
2518 2.3587
2519 2.35819
2520 2.35767
2521 2.35716
2522 2.35665
2523 2.35614
2524 2.35562
2525 2.35511
2526 2.3546
2527 2.35409
2528 2.35358
2529 2.35307
2530 2.35256
2531 2.35205
2532 2.35154
2533 2.35103
2534 2.35053
2535 2.35002
2536 2.34951
2537 2.349
2538 2.3485
2539 2.34799
2540 2.34748
2541 2.34698
2542 2.34647
2543 2.34597
2544 2.34546
2545 2.34496
2546 2.34446
2547 2.34395
2548 2.34345
2549 2.34295
2550 2.34244
2551 2.34194
2552 2.34144
2553 2.34094
2554 2.34044
2555 2.33994
2556 2.33944
2557 2.33894
2558 2.33844
2559 2.33794
2560 2.33744
2561 2.33694
2562 2.33644
2563 2.33594
2564 2.33545
2565 2.33495
2566 2.33445
2567 2.33395
2568 2.33346
2569 2.33296
2570 2.33247
2571 2.33197
2572 2.33148
2573 2.33098
2574 2.33049
2575 2.32999
2576 2.3295
2577 2.32901
2578 2.32851
2579 2.32802
2580 2.32753
2581 2.32704
2582 2.32655
2583 2.32606
2584 2.32556
2585 2.32507
2586 2.32458
2587 2.32409
2588 2.32361
2589 2.32312
2590 2.32263
2591 2.32214
2592 2.32165
2593 2.32116
2594 2.32068
2595 2.32019
2596 2.3197
2597 2.31922
2598 2.31873
2599 2.31824
2600 2.31776
2601 2.31727
2602 2.31679
2603 2.3163
2604 2.31582
2605 2.31534
2606 2.31485
2607 2.31437
2608 2.31389
2609 2.3134
2610 2.31292
2611 2.31244
2612 2.31196
2613 2.31148
2614 2.311
2615 2.31052
2616 2.31004
2617 2.30956
2618 2.30908
2619 2.3086
2620 2.30812
2621 2.30764
2622 2.30716
2623 2.30669
2624 2.30621
2625 2.30573
2626 2.30525
2627 2.30478
2628 2.3043
2629 2.30383
2630 2.30335
2631 2.30287
2632 2.3024
2633 2.30193
2634 2.30145
2635 2.30098
2636 2.3005
2637 2.30003
2638 2.29956
2639 2.29908
2640 2.29861
2641 2.29814
2642 2.29767
2643 2.2972
2644 2.29673
2645 2.29625
2646 2.29578
2647 2.29531
2648 2.29484
2649 2.29437
2650 2.29391
2651 2.29344
2652 2.29297
2653 2.2925
2654 2.29203
2655 2.29156
2656 2.2911
2657 2.29063
2658 2.29016
2659 2.2897
2660 2.28923
2661 2.28877
2662 2.2883
2663 2.28783
2664 2.28737
2665 2.28691
2666 2.28644
2667 2.28598
2668 2.28551
2669 2.28505
2670 2.28459
2671 2.28413
2672 2.28366
2673 2.2832
2674 2.28274
2675 2.28228
2676 2.28182
2677 2.28136
2678 2.2809
2679 2.28044
2680 2.27998
2681 2.27952
2682 2.27906
2683 2.2786
2684 2.27814
2685 2.27768
2686 2.27722
2687 2.27677
2688 2.27631
2689 2.27585
2690 2.27539
2691 2.27494
2692 2.27448
2693 2.27402
2694 2.27357
2695 2.27311
2696 2.27266
2697 2.2722
2698 2.27175
2699 2.2713
2700 2.27084
2701 2.27039
2702 2.26994
2703 2.26948
2704 2.26903
2705 2.26858
2706 2.26813
2707 2.26767
2708 2.26722
2709 2.26677
2710 2.26632
2711 2.26587
2712 2.26542
2713 2.26497
2714 2.26452
2715 2.26407
2716 2.26362
2717 2.26317
2718 2.26272
2719 2.26228
2720 2.26183
2721 2.26138
2722 2.26093
2723 2.26049
2724 2.26004
2725 2.25959
2726 2.25915
2727 2.2587
2728 2.25826
2729 2.25781
2730 2.25737
2731 2.25692
2732 2.25648
2733 2.25603
2734 2.25559
2735 2.25515
2736 2.2547
2737 2.25426
2738 2.25382
2739 2.25337
2740 2.25293
2741 2.25249
2742 2.25205
2743 2.25161
2744 2.25117
2745 2.25073
2746 2.25029
2747 2.24985
2748 2.24941
2749 2.24897
2750 2.24853
2751 2.24809
2752 2.24765
2753 2.24721
2754 2.24677
2755 2.24633
2756 2.2459
2757 2.24546
2758 2.24502
2759 2.24459
2760 2.24415
2761 2.24371
2762 2.24328
2763 2.24284
2764 2.24241
2765 2.24197
2766 2.24154
2767 2.2411
2768 2.24067
2769 2.24023
2770 2.2398
2771 2.23937
2772 2.23893
2773 2.2385
2774 2.23807
2775 2.23764
2776 2.23721
2777 2.23677
2778 2.23634
2779 2.23591
2780 2.23548
2781 2.23505
2782 2.23462
2783 2.23419
2784 2.23376
2785 2.23333
2786 2.2329
2787 2.23247
2788 2.23204
2789 2.23162
2790 2.23119
2791 2.23076
2792 2.23033
2793 2.2299
2794 2.22948
2795 2.22905
2796 2.22862
2797 2.2282
2798 2.22777
2799 2.22735
2800 2.22692
2801 2.2265
2802 2.22607
2803 2.22565
2804 2.22522
2805 2.2248
2806 2.22438
2807 2.22395
2808 2.22353
2809 2.22311
2810 2.22268
2811 2.22226
2812 2.22184
2813 2.22142
2814 2.22099
2815 2.22057
2816 2.22015
2817 2.21973
2818 2.21931
2819 2.21889
2820 2.21847
2821 2.21805
2822 2.21763
2823 2.21721
2824 2.21679
2825 2.21637
2826 2.21596
2827 2.21554
2828 2.21512
2829 2.2147
2830 2.21428
2831 2.21387
2832 2.21345
2833 2.21303
2834 2.21262
2835 2.2122
2836 2.21179
2837 2.21137
2838 2.21096
2839 2.21054
2840 2.21013
2841 2.20971
2842 2.2093
2843 2.20888
2844 2.20847
2845 2.20806
2846 2.20764
2847 2.20723
2848 2.20682
2849 2.2064
2850 2.20599
2851 2.20558
2852 2.20517
2853 2.20476
2854 2.20435
2855 2.20393
2856 2.20352
2857 2.20311
2858 2.2027
2859 2.20229
2860 2.20188
2861 2.20147
2862 2.20107
2863 2.20066
2864 2.20025
2865 2.19984
2866 2.19943
2867 2.19902
2868 2.19862
2869 2.19821
2870 2.1978
2871 2.19739
2872 2.19699
2873 2.19658
2874 2.19618
2875 2.19577
2876 2.19536
2877 2.19496
2878 2.19455
2879 2.19415
2880 2.19374
2881 2.19334
2882 2.19294
2883 2.19253
2884 2.19213
2885 2.19173
2886 2.19132
2887 2.19092
2888 2.19052
2889 2.19011
2890 2.18971
2891 2.18931
2892 2.18891
2893 2.18851
2894 2.18811
2895 2.18771
2896 2.1873
2897 2.1869
2898 2.1865
2899 2.1861
2900 2.1857
2901 2.18531
2902 2.18491
2903 2.18451
2904 2.18411
2905 2.18371
2906 2.18331
2907 2.18291
2908 2.18252
2909 2.18212
2910 2.18172
2911 2.18132
2912 2.18093
2913 2.18053
2914 2.18014
2915 2.17974
2916 2.17934
2917 2.17895
2918 2.17855
2919 2.17816
2920 2.17776
2921 2.17737
2922 2.17697
2923 2.17658
2924 2.17619
2925 2.17579
2926 2.1754
2927 2.17501
2928 2.17461
2929 2.17422
2930 2.17383
2931 2.17344
2932 2.17304
2933 2.17265
2934 2.17226
2935 2.17187
2936 2.17148
2937 2.17109
2938 2.1707
2939 2.17031
2940 2.16992
2941 2.16953
2942 2.16914
2943 2.16875
2944 2.16836
2945 2.16797
2946 2.16758
2947 2.16719
2948 2.16681
2949 2.16642
2950 2.16603
2951 2.16564
2952 2.16525
2953 2.16487
2954 2.16448
2955 2.16409
2956 2.16371
2957 2.16332
2958 2.16294
2959 2.16255
2960 2.16217
2961 2.16178
2962 2.1614
2963 2.16101
2964 2.16063
2965 2.16024
2966 2.15986
2967 2.15947
2968 2.15909
2969 2.15871
2970 2.15832
2971 2.15794
2972 2.15756
2973 2.15718
2974 2.15679
2975 2.15641
2976 2.15603
2977 2.15565
2978 2.15527
2979 2.15489
2980 2.15451
2981 2.15413
2982 2.15374
2983 2.15336
2984 2.15298
2985 2.15261
2986 2.15223
2987 2.15185
2988 2.15147
2989 2.15109
2990 2.15071
2991 2.15033
2992 2.14995
2993 2.14958
2994 2.1492
2995 2.14882
2996 2.14844
2997 2.14807
2998 2.14769
2999 2.14731
3000 2.14694
3001 2.14656
3002 2.14619
3003 2.14581
3004 2.14543
3005 2.14506
3006 2.14468
3007 2.14431
3008 2.14393
3009 2.14356
3010 2.14319
3011 2.14281
3012 2.14244
3013 2.14207
3014 2.14169
3015 2.14132
3016 2.14095
3017 2.14057
3018 2.1402
3019 2.13983
3020 2.13946
3021 2.13909
3022 2.13871
3023 2.13834
3024 2.13797
3025 2.1376
3026 2.13723
3027 2.13686
3028 2.13649
3029 2.13612
3030 2.13575
3031 2.13538
3032 2.13501
3033 2.13464
3034 2.13427
3035 2.1339
3036 2.13354
3037 2.13317
3038 2.1328
3039 2.13243
3040 2.13206
3041 2.1317
3042 2.13133
3043 2.13096
3044 2.1306
3045 2.13023
3046 2.12986
3047 2.1295
3048 2.12913
3049 2.12877
3050 2.1284
3051 2.12804
3052 2.12767
3053 2.12731
3054 2.12694
3055 2.12658
3056 2.12621
3057 2.12585
3058 2.12548
3059 2.12512
3060 2.12476
3061 2.12439
3062 2.12403
3063 2.12367
3064 2.12331
3065 2.12294
3066 2.12258
3067 2.12222
3068 2.12186
3069 2.1215
3070 2.12114
3071 2.12078
3072 2.12041
3073 2.12005
3074 2.11969
3075 2.11933
3076 2.11897
3077 2.11861
3078 2.11825
3079 2.11789
3080 2.11754
3081 2.11718
3082 2.11682
3083 2.11646
3084 2.1161
3085 2.11574
3086 2.11538
3087 2.11503
3088 2.11467
3089 2.11431
3090 2.11396
3091 2.1136
3092 2.11324
3093 2.11288
3094 2.11253
3095 2.11217
3096 2.11182
3097 2.11146
3098 2.11111
3099 2.11075
3100 2.1104
3101 2.11004
3102 2.10969
3103 2.10933
3104 2.10898
3105 2.10862
3106 2.10827
3107 2.10792
3108 2.10756
3109 2.10721
3110 2.10686
3111 2.1065
3112 2.10615
3113 2.1058
3114 2.10545
3115 2.10509
3116 2.10474
3117 2.10439
3118 2.10404
3119 2.10369
3120 2.10334
3121 2.10299
3122 2.10263
3123 2.10228
3124 2.10193
3125 2.10158
3126 2.10123
3127 2.10088
3128 2.10054
3129 2.10019
3130 2.09984
3131 2.09949
3132 2.09914
3133 2.09879
3134 2.09844
3135 2.09809
3136 2.09775
3137 2.0974
3138 2.09705
3139 2.0967
3140 2.09636
3141 2.09601
3142 2.09566
3143 2.09532
3144 2.09497
3145 2.09462
3146 2.09428
3147 2.09393
3148 2.09359
3149 2.09324
3150 2.0929
3151 2.09255
3152 2.09221
3153 2.09186
3154 2.09152
3155 2.09117
3156 2.09083
3157 2.09049
3158 2.09014
3159 2.0898
3160 2.08946
3161 2.08911
3162 2.08877
3163 2.08843
3164 2.08809
3165 2.08774
3166 2.0874
3167 2.08706
3168 2.08672
3169 2.08638
3170 2.08603
3171 2.08569
3172 2.08535
3173 2.08501
3174 2.08467
3175 2.08433
3176 2.08399
3177 2.08365
3178 2.08331
3179 2.08297
3180 2.08263
3181 2.08229
3182 2.08195
3183 2.08161
3184 2.08128
3185 2.08094
3186 2.0806
3187 2.08026
3188 2.07992
3189 2.07959
3190 2.07925
3191 2.07891
3192 2.07857
3193 2.07824
3194 2.0779
3195 2.07756
3196 2.07723
3197 2.07689
3198 2.07656
3199 2.07622
3200 2.07588
3201 2.07555
3202 2.07521
3203 2.07488
3204 2.07454
3205 2.07421
3206 2.07387
3207 2.07354
3208 2.0732
3209 2.07287
3210 2.07254
3211 2.0722
3212 2.07187
3213 2.07154
3214 2.0712
3215 2.07087
3216 2.07054
3217 2.07021
3218 2.06987
3219 2.06954
3220 2.06921
3221 2.06888
3222 2.06855
3223 2.06821
3224 2.06788
3225 2.06755
3226 2.06722
3227 2.06689
3228 2.06656
3229 2.06623
3230 2.0659
3231 2.06557
3232 2.06524
3233 2.06491
3234 2.06458
3235 2.06425
3236 2.06392
3237 2.06359
3238 2.06326
3239 2.06294
3240 2.06261
3241 2.06228
3242 2.06195
3243 2.06162
3244 2.0613
3245 2.06097
3246 2.06064
3247 2.06031
3248 2.05999
3249 2.05966
3250 2.05933
3251 2.05901
3252 2.05868
3253 2.05836
3254 2.05803
3255 2.0577
3256 2.05738
3257 2.05705
3258 2.05673
3259 2.0564
3260 2.05608
3261 2.05575
3262 2.05543
3263 2.0551
3264 2.05478
3265 2.05446
3266 2.05413
3267 2.05381
3268 2.05349
3269 2.05316
3270 2.05284
3271 2.05252
3272 2.05219
3273 2.05187
3274 2.05155
3275 2.05123
3276 2.0509
3277 2.05058
3278 2.05026
3279 2.04994
3280 2.04962
3281 2.0493
3282 2.04898
3283 2.04866
3284 2.04834
3285 2.04801
3286 2.04769
3287 2.04737
3288 2.04705
3289 2.04673
3290 2.04642
3291 2.0461
3292 2.04578
3293 2.04546
3294 2.04514
3295 2.04482
3296 2.0445
3297 2.04418
3298 2.04386
3299 2.04355
3300 2.04323
3301 2.04291
3302 2.04259
3303 2.04228
3304 2.04196
3305 2.04164
3306 2.04132
3307 2.04101
3308 2.04069
3309 2.04038
3310 2.04006
3311 2.03974
3312 2.03943
3313 2.03911
3314 2.0388
3315 2.03848
3316 2.03817
3317 2.03785
3318 2.03754
3319 2.03722
3320 2.03691
3321 2.03659
3322 2.03628
3323 2.03596
3324 2.03565
3325 2.03534
3326 2.03502
3327 2.03471
3328 2.0344
3329 2.03408
3330 2.03377
3331 2.03346
3332 2.03315
3333 2.03283
3334 2.03252
3335 2.03221
3336 2.0319
3337 2.03159
3338 2.03127
3339 2.03096
3340 2.03065
3341 2.03034
3342 2.03003
3343 2.02972
3344 2.02941
3345 2.0291
3346 2.02879
3347 2.02848
3348 2.02817
3349 2.02786
3350 2.02755
3351 2.02724
3352 2.02693
3353 2.02662
3354 2.02631
3355 2.026
3356 2.02569
3357 2.02539
3358 2.02508
3359 2.02477
3360 2.02446
3361 2.02415
3362 2.02385
3363 2.02354
3364 2.02323
3365 2.02292
3366 2.02262
3367 2.02231
3368 2.022
3369 2.0217
3370 2.02139
3371 2.02109
3372 2.02078
3373 2.02047
3374 2.02017
3375 2.01986
3376 2.01956
3377 2.01925
3378 2.01895
3379 2.01864
3380 2.01834
3381 2.01803
3382 2.01773
3383 2.01742
3384 2.01712
3385 2.01682
3386 2.01651
3387 2.01621
3388 2.01591
3389 2.0156
3390 2.0153
3391 2.015
3392 2.01469
3393 2.01439
3394 2.01409
3395 2.01379
3396 2.01348
3397 2.01318
3398 2.01288
3399 2.01258
3400 2.01228
3401 2.01198
3402 2.01167
3403 2.01137
3404 2.01107
3405 2.01077
3406 2.01047
3407 2.01017
3408 2.00987
3409 2.00957
3410 2.00927
3411 2.00897
3412 2.00867
3413 2.00837
3414 2.00807
3415 2.00777
3416 2.00747
3417 2.00717
3418 2.00688
3419 2.00658
3420 2.00628
3421 2.00598
3422 2.00568
3423 2.00538
3424 2.00509
3425 2.00479
3426 2.00449
3427 2.00419
3428 2.0039
3429 2.0036
3430 2.0033
3431 2.00301
3432 2.00271
3433 2.00241
3434 2.00212
3435 2.00182
3436 2.00152
3437 2.00123
3438 2.00093
3439 2.00064
3440 2.00034
3441 2.00005
3442 1.99975
3443 1.99946
3444 1.99916
3445 1.99887
3446 1.99857
3447 1.99828
3448 1.99798
3449 1.99769
3450 1.9974
3451 1.9971
3452 1.99681
3453 1.99651
3454 1.99622
3455 1.99593
3456 1.99564
3457 1.99534
3458 1.99505
3459 1.99476
3460 1.99447
3461 1.99417
3462 1.99388
3463 1.99359
3464 1.9933
3465 1.99301
3466 1.99271
3467 1.99242
3468 1.99213
3469 1.99184
3470 1.99155
3471 1.99126
3472 1.99097
3473 1.99068
3474 1.99039
3475 1.9901
3476 1.98981
3477 1.98952
3478 1.98923
3479 1.98894
3480 1.98865
3481 1.98836
3482 1.98807
3483 1.98778
3484 1.98749
3485 1.9872
3486 1.98691
3487 1.98663
3488 1.98634
3489 1.98605
3490 1.98576
3491 1.98547
3492 1.98519
3493 1.9849
3494 1.98461
3495 1.98432
3496 1.98404
3497 1.98375
3498 1.98346
3499 1.98318
3500 1.98289
3501 1.9826
3502 1.98232
3503 1.98203
3504 1.98175
3505 1.98146
3506 1.98117
3507 1.98089
3508 1.9806
3509 1.98032
3510 1.98003
3511 1.97975
3512 1.97946
3513 1.97918
3514 1.97889
3515 1.97861
3516 1.97833
3517 1.97804
3518 1.97776
3519 1.97747
3520 1.97719
3521 1.97691
3522 1.97662
3523 1.97634
3524 1.97606
3525 1.97577
3526 1.97549
3527 1.97521
3528 1.97493
3529 1.97464
3530 1.97436
3531 1.97408
3532 1.9738
3533 1.97352
3534 1.97323
3535 1.97295
3536 1.97267
3537 1.97239
3538 1.97211
3539 1.97183
3540 1.97155
3541 1.97127
3542 1.97099
3543 1.97071
3544 1.97043
3545 1.97014
3546 1.96986
3547 1.96959
3548 1.96931
3549 1.96903
3550 1.96875
3551 1.96847
3552 1.96819
3553 1.96791
3554 1.96763
3555 1.96735
3556 1.96707
3557 1.96679
3558 1.96652
3559 1.96624
3560 1.96596
3561 1.96568
3562 1.9654
3563 1.96513
3564 1.96485
3565 1.96457
3566 1.96429
3567 1.96402
3568 1.96374
3569 1.96346
3570 1.96319
3571 1.96291
3572 1.96263
3573 1.96236
3574 1.96208
3575 1.9618
3576 1.96153
3577 1.96125
3578 1.96098
3579 1.9607
3580 1.96043
3581 1.96015
3582 1.95988
3583 1.9596
3584 1.95933
3585 1.95905
3586 1.95878
3587 1.9585
3588 1.95823
3589 1.95796
3590 1.95768
3591 1.95741
3592 1.95713
3593 1.95686
3594 1.95659
3595 1.95631
3596 1.95604
3597 1.95577
3598 1.95549
3599 1.95522
3600 1.95495
3601 1.95468
3602 1.9544
3603 1.95413
3604 1.95386
3605 1.95359
3606 1.95332
3607 1.95304
3608 1.95277
3609 1.9525
3610 1.95223
3611 1.95196
3612 1.95169
3613 1.95142
3614 1.95115
3615 1.95088
3616 1.9506
3617 1.95033
3618 1.95006
3619 1.94979
3620 1.94952
3621 1.94925
3622 1.94898
3623 1.94871
3624 1.94845
3625 1.94818
3626 1.94791
3627 1.94764
3628 1.94737
3629 1.9471
3630 1.94683
3631 1.94656
3632 1.94629
3633 1.94603
3634 1.94576
3635 1.94549
3636 1.94522
3637 1.94495
3638 1.94469
3639 1.94442
3640 1.94415
3641 1.94388
3642 1.94362
3643 1.94335
3644 1.94308
3645 1.94282
3646 1.94255
3647 1.94228
3648 1.94202
3649 1.94175
3650 1.94148
3651 1.94122
3652 1.94095
3653 1.94069
3654 1.94042
3655 1.94016
3656 1.93989
3657 1.93963
3658 1.93936
3659 1.9391
3660 1.93883
3661 1.93857
3662 1.9383
3663 1.93804
3664 1.93777
3665 1.93751
3666 1.93724
3667 1.93698
3668 1.93672
3669 1.93645
3670 1.93619
3671 1.93593
3672 1.93566
3673 1.9354
3674 1.93514
3675 1.93487
3676 1.93461
3677 1.93435
3678 1.93409
3679 1.93382
3680 1.93356
3681 1.9333
3682 1.93304
3683 1.93277
3684 1.93251
3685 1.93225
3686 1.93199
3687 1.93173
3688 1.93147
3689 1.93121
3690 1.93095
3691 1.93068
3692 1.93042
3693 1.93016
3694 1.9299
3695 1.92964
3696 1.92938
3697 1.92912
3698 1.92886
3699 1.9286
3700 1.92834
3701 1.92808
3702 1.92782
3703 1.92756
3704 1.9273
3705 1.92704
3706 1.92679
3707 1.92653
3708 1.92627
3709 1.92601
3710 1.92575
3711 1.92549
3712 1.92523
3713 1.92498
3714 1.92472
3715 1.92446
3716 1.9242
3717 1.92394
3718 1.92369
3719 1.92343
3720 1.92317
3721 1.92291
3722 1.92266
3723 1.9224
3724 1.92214
3725 1.92189
3726 1.92163
3727 1.92137
3728 1.92112
3729 1.92086
3730 1.9206
3731 1.92035
3732 1.92009
3733 1.91984
3734 1.91958
3735 1.91933
3736 1.91907
3737 1.91882
3738 1.91856
3739 1.9183
3740 1.91805
3741 1.9178
3742 1.91754
3743 1.91729
3744 1.91703
3745 1.91678
3746 1.91652
3747 1.91627
3748 1.91601
3749 1.91576
3750 1.91551
3751 1.91525
3752 1.915
3753 1.91475
3754 1.91449
3755 1.91424
3756 1.91399
3757 1.91373
3758 1.91348
3759 1.91323
3760 1.91298
3761 1.91272
3762 1.91247
3763 1.91222
3764 1.91197
3765 1.91172
3766 1.91146
3767 1.91121
3768 1.91096
3769 1.91071
3770 1.91046
3771 1.91021
3772 1.90995
3773 1.9097
3774 1.90945
3775 1.9092
3776 1.90895
3777 1.9087
3778 1.90845
3779 1.9082
3780 1.90795
3781 1.9077
3782 1.90745
3783 1.9072
3784 1.90695
3785 1.9067
3786 1.90645
3787 1.9062
3788 1.90595
3789 1.9057
3790 1.90545
3791 1.90521
3792 1.90496
3793 1.90471
3794 1.90446
3795 1.90421
3796 1.90396
3797 1.90371
3798 1.90347
3799 1.90322
3800 1.90297
3801 1.90272
3802 1.90247
3803 1.90223
3804 1.90198
3805 1.90173
3806 1.90149
3807 1.90124
3808 1.90099
3809 1.90074
3810 1.9005
3811 1.90025
3812 1.9
3813 1.89976
3814 1.89951
3815 1.89927
3816 1.89902
3817 1.89877
3818 1.89853
3819 1.89828
3820 1.89804
3821 1.89779
3822 1.89755
3823 1.8973
3824 1.89706
3825 1.89681
3826 1.89657
3827 1.89632
3828 1.89608
3829 1.89583
3830 1.89559
3831 1.89534
3832 1.8951
3833 1.89485
3834 1.89461
3835 1.89437
3836 1.89412
3837 1.89388
3838 1.89363
3839 1.89339
3840 1.89315
3841 1.8929
3842 1.89266
3843 1.89242
3844 1.89218
3845 1.89193
3846 1.89169
3847 1.89145
3848 1.8912
3849 1.89096
3850 1.89072
3851 1.89048
3852 1.89024
3853 1.88999
3854 1.88975
3855 1.88951
3856 1.88927
3857 1.88903
3858 1.88879
3859 1.88854
3860 1.8883
3861 1.88806
3862 1.88782
3863 1.88758
3864 1.88734
3865 1.8871
3866 1.88686
3867 1.88662
3868 1.88638
3869 1.88614
3870 1.8859
3871 1.88566
3872 1.88542
3873 1.88518
3874 1.88494
3875 1.8847
3876 1.88446
3877 1.88422
3878 1.88398
3879 1.88374
3880 1.8835
3881 1.88326
3882 1.88303
3883 1.88279
3884 1.88255
3885 1.88231
3886 1.88207
3887 1.88183
3888 1.8816
3889 1.88136
3890 1.88112
3891 1.88088
3892 1.88064
3893 1.88041
3894 1.88017
3895 1.87993
3896 1.87969
3897 1.87946
3898 1.87922
3899 1.87898
3900 1.87875
3901 1.87851
3902 1.87827
3903 1.87804
3904 1.8778
3905 1.87756
3906 1.87733
3907 1.87709
3908 1.87686
3909 1.87662
3910 1.87638
3911 1.87615
3912 1.87591
3913 1.87568
3914 1.87544
3915 1.87521
3916 1.87497
3917 1.87474
3918 1.8745
3919 1.87427
3920 1.87403
3921 1.8738
3922 1.87356
3923 1.87333
3924 1.87309
3925 1.87286
3926 1.87263
3927 1.87239
3928 1.87216
3929 1.87192
3930 1.87169
3931 1.87146
3932 1.87122
3933 1.87099
3934 1.87076
3935 1.87052
3936 1.87029
3937 1.87006
3938 1.86983
3939 1.86959
3940 1.86936
3941 1.86913
3942 1.86889
3943 1.86866
3944 1.86843
3945 1.8682
3946 1.86797
3947 1.86773
3948 1.8675
3949 1.86727
3950 1.86704
3951 1.86681
3952 1.86658
3953 1.86635
3954 1.86611
3955 1.86588
3956 1.86565
3957 1.86542
3958 1.86519
3959 1.86496
3960 1.86473
3961 1.8645
3962 1.86427
3963 1.86404
3964 1.86381
3965 1.86358
3966 1.86335
3967 1.86312
3968 1.86289
3969 1.86266
3970 1.86243
3971 1.8622
3972 1.86197
3973 1.86174
3974 1.86151
3975 1.86128
3976 1.86105
3977 1.86082
3978 1.8606
3979 1.86037
3980 1.86014
3981 1.85991
3982 1.85968
3983 1.85945
3984 1.85923
3985 1.859
3986 1.85877
3987 1.85854
3988 1.85831
3989 1.85809
3990 1.85786
3991 1.85763
3992 1.8574
3993 1.85718
3994 1.85695
3995 1.85672
3996 1.8565
3997 1.85627
3998 1.85604
3999 1.85582
4000 1.85559
4001 1.85536
4002 1.85514
4003 1.85491
4004 1.85468
4005 1.85446
4006 1.85423
4007 1.85401
4008 1.85378
4009 1.85356
4010 1.85333
4011 1.8531
4012 1.85288
4013 1.85265
4014 1.85243
4015 1.8522
4016 1.85198
4017 1.85175
4018 1.85153
4019 1.8513
4020 1.85108
4021 1.85086
4022 1.85063
4023 1.85041
4024 1.85018
4025 1.84996
4026 1.84973
4027 1.84951
4028 1.84929
4029 1.84906
4030 1.84884
4031 1.84862
4032 1.84839
4033 1.84817
4034 1.84795
4035 1.84772
4036 1.8475
4037 1.84728
4038 1.84705
4039 1.84683
4040 1.84661
4041 1.84639
4042 1.84616
4043 1.84594
4044 1.84572
4045 1.8455
4046 1.84528
4047 1.84505
4048 1.84483
4049 1.84461
4050 1.84439
4051 1.84417
4052 1.84395
4053 1.84372
4054 1.8435
4055 1.84328
4056 1.84306
4057 1.84284
4058 1.84262
4059 1.8424
4060 1.84218
4061 1.84196
4062 1.84174
4063 1.84152
4064 1.8413
4065 1.84107
4066 1.84085
4067 1.84063
4068 1.84041
4069 1.84019
4070 1.83998
4071 1.83976
4072 1.83954
4073 1.83932
4074 1.8391
4075 1.83888
4076 1.83866
4077 1.83844
4078 1.83822
4079 1.838
4080 1.83778
4081 1.83756
4082 1.83735
4083 1.83713
4084 1.83691
4085 1.83669
4086 1.83647
4087 1.83625
4088 1.83604
4089 1.83582
4090 1.8356
4091 1.83538
4092 1.83516
4093 1.83495
4094 1.83473
4095 1.83451