0 0
1 0
2 0
3 0
4 0
5 0
6 0
7 0
8 0
9 0
10 0
11 0
12 0
13 0
14 0
15 0
16 0
17 0
18 0
19 0
20 0
21 0
22 0
23 15143.3
24 12392.8
25 10075.9
26 10615.2
27 9908.99
28 14770.8
29 14137.3
30 13577.9
31 15683.6
32 17786.6
33 12654.1
34 13259.9
35 18404.5
36 13214
37 13371.3
38 12678.9
39 10643.1
40 12715.8
41 13924.9
42 13401.1
43 14939.4
44 13785.7
45 13908.9
46 10940.5
47 13803.2
48 13288.6
49 11264.3
50 10090.5
51 9183.63
52 13994.7
53 12700
54 13159.3
55 8915.11
56 15254.8
57 0
58 9842.65
59 13042.5
60 9728.13
61 0
62 11836.8
63 16268.1
64 0
65 14343.6
66 14084.2
67 10028.3
68 10228.2
69 7586.5
70 15055.3
71 16090.5
72 19371.6
73 10324.1
74 14975.4
75 14148.3
76 14169.8
77 15250.8
78 12548.8
79 16022.9
80 1.60152e+06
81 13421.8
82 0
83 15027.6
84 9797
85 13361.5
86 11963.7
87 14109.7
88 12435.2
89 14750.7
90 13018.1
91 8803.74
92 13163.7
93 14789.6
94 15838.1
95 11856.9
96 12082
97 13891.2
98 12026.2
99 -407212
100 10712.8
101 11911.4
102 12528.1
103 16368.2
104 11895.9
105 11428
106 10546.9
107 11166
108 13462.7
109 8692.85
110 -12816.6
111 9746.09
112 10032.3
113 11762.6
114 13249.7
115 13088.4
116 16733.1
117 10689.9
118 8754.84
119 12375.6
120 13682.4
121 13055.9
122 8422.6
123 10852.8
124 14435.5
125 11853.1
126 12022.7
127 12121.4
128 13784.3
129 8538.54
130 11282.4
131 12439.7
132 13747.4
133 11821
134 12228.1
135 11001.9
136 6562.69
137 11694.1
138 13790.2
139 16892.9
140 15854.6
141 16643.3
142 15522.2
143 11271.1
144 13538.5
145 11813.5
146 13385.2
147 13049.2
148 -7703.59
149 0
150 0
151 10940.5
152 11088.3
153 15680
154 13242.3
155 0
156 0
157 12190.7
158 12737.5
159 13602.1
160 10460
161 0
162 0
163 8421.06
164 13700.6
165 12635.8
166 10734.8
167 0
168 0
169 0
170 0
171 0
172 0
173 0
174 0
175 0
176 0
177 0
178 0
179 0
180 0
181 0
182 0
183 0
184 0
185 0
186 0
187 0
188 0
189 0
190 0
191 0
192 0
193 0
194 0
195 0
196 0
197 0
198 0
199 0
200 0
201 0
202 0
203 0
204 0
205 0
206 0
207 0
208 0
209 0
210 0
211 0
212 0
213 0
214 0
215 0
216 0
217 0
218 0
219 0
220 0
221 0
222 0
223 0
224 0
225 0
226 0
227 0
228 0
229 0
230 0
231 0
232 0
233 0
234 0
235 0
236 0
237 0
238 0
239 0
240 0
241 0
242 0
243 0
244 0
245 0
246 0
247 0
248 0
249 0
250 0
251 0
252 0
253 0
254 0
255 0
256 0
257 0
258 0
259 0
260 0
261 0
262 0
263 0
264 0
265 0
266 0
267 0
268 0
269 0
270 0
271 0
272 0
273 0
274 0
275 0
276 0
277 0
278 0
279 0
280 0
281 0
282 0
283 0
284 0
285 0
286 0
287 0
288 0
289 0
290 0
291 0
292 0
293 0
294 0
295 0
296 0
297 0
298 0
299 0
300 0
301 1800.93
302 1902.23
303 2402.68
304 1503.88
305 2874.4
306 2060.46
307 2256.7
308 1944.15
309 2199.21
310 1863.48
311 2302.66
312 1704.55
313 1890.76
314 1779.65
315 1480.08
316 1824.31
317 0
318 0
319 0
320 0
321 0
322 0
323 0
324 0
325 0
326 0
327 0
328 0
329 0
330 0
331 0
332 0
333 0
334 0
335 0
336 0
337 0
338 0
339 0
340 0
341 0
342 0
343 0
344 0
345 0
346 0
347 0
348 0
349 0
350 0
351 0
352 0
353 0
354 0
355 0
356 0
357 0
358 0
359 0
360 0
361 0
362 0
363 0
364 0
365 0
366 0
367 0
368 0
369 0
370 0
371 0
372 0
373 0
374 0
375 0
376 0
377 0
378 0
379 0
380 0
381 0
382 0
383 0
384 0
385 0
386 0
387 0
388 0
389 0
390 0
391 0
392 0
393 0
394 0
395 0
396 0
397 0
398 0
399 0
400 0
401 1888.14
402 1883.1
403 2023.3
404 2233.94
405 983.057
406 2319.37
407 2308.59
408 1739.65
409 1866.82
410 1540.16
411 1297.59
412 1771.61
413 0
414 0
415 0
416 0
417 0
418 0
419 0
420 0
421 0
422 0
423 0
424 0
425 0
426 0
427 0
428 0
429 0
430 0
431 0
432 0
433 0
434 0
435 0
436 0
437 0
438 0
439 0
440 0
441 0
442 0
443 0
444 0
445 0
446 0
447 0
448 0
449 0
450 0
451 0
452 0
453 0
454 0
455 0
456 0
457 0
458 0
459 0
460 0
461 0
462 0
463 0
464 0
465 0
466 0
467 0
468 0
469 0
470 0
471 0
472 0
473 0
474 0
475 0
476 0
477 0
478 0
479 0
480 0
481 0
482 0
483 0
484 0
485 0
486 0
487 0
488 0
489 0
490 0
491 0
492 0
493 0
494 0
495 0
496 0
497 0
498 0
499 0
500 0
501 1639.12
502 1446.64
503 1812.54
504 2249.02
505 1877.83
506 2232.76
507 1857.63
508 1695.89
509 0
510 0
511 0
512 0
513 0
514 0
515 0
516 0
517 0
518 0
519 0
520 0
521 0
522 0
523 0
524 0
525 0
526 0
527 0
528 0
529 0
530 0
531 0
532 0
533 0
534 0
535 0
536 0
537 0
538 0
539 0
540 0
541 0
542 0
543 0
544 0
545 0
546 0
547 0
548 0
549 0
550 0
551 0
552 0
553 0
554 0
555 0
556 0
557 0
558 0
559 0
560 0
561 0
562 0
563 0
564 0
565 0
566 0
567 0
568 0
569 0
570 0
571 0
572 0
573 0
574 0
575 0
576 0
577 0
578 0
579 0
580 0
581 0
582 0
583 0
584 0
585 0
586 0
587 0
588 0
589 0
590 0
591 0
592 0
593 0
594 0
595 0
596 0
597 0
598 0
599 0
600 0
601 2151.15
602 2248.59
603 2173.62
604 2081.95
605 2483.8
606 2021.89
607 3071.18
608 2291.85
609 1977.15
610 2257.68
611 2154.73
612 2242.19
613 2310.67
614 2381.43
615 2553.98
616 1959.73
617 0
618 0
619 0
620 0
621 0
622 0
623 0
624 0
625 0
626 0
627 0
628 0
629 0
630 0
631 0
632 0
633 0
634 0
635 0
636 0
637 0
638 0
639 0
640 0
641 0
642 0
643 0
644 0
645 0
646 0
647 0
648 0
649 0
650 0
651 0
652 0
653 0
654 0
655 0
656 0
657 0
658 0
659 0
660 0
661 0
662 0
663 0
664 0
665 0
666 0
667 0
668 0
669 0
670 0
671 0
672 0
673 0
674 0
675 0
676 0
677 0
678 0
679 0
680 0
681 0
682 0
683 0
684 0
685 0
686 0
687 0
688 0
689 0
690 0
691 0
692 0
693 0
694 0
695 0
696 0
697 0
698 0
699 0
700 0
701 2388.63
702 2233.25
703 2386.35
704 2196.42
705 2524.35
706 3037.24
707 2355.73
708 2542.84
709 2611.91
710 2604.1
711 2448.47
712 2710.75
713 0
714 0
715 0
716 0
717 0
718 0
719 0
720 0
721 0
722 0
723 0
724 0
725 0
726 0
727 0
728 0
729 0
730 0
731 0
732 0
733 0
734 0
735 0
736 0
737 0
738 0
739 0
740 0
741 0
742 0
743 0
744 0
745 0
746 0
747 0
748 0
749 0
750 0
751 0
752 0
753 0
754 0
755 0
756 0
757 0
758 0
759 0
760 0
761 0
762 0
763 0
764 0
765 0
766 0
767 0
768 0
769 0
770 0
771 0
772 0
773 0
774 0
775 0
776 0
777 0
778 0
779 0
780 0
781 0
782 0
783 0
784 0
785 0
786 0
787 0
788 0
789 0
790 0
791 0
792 0
793 0
794 0
795 0
796 0
797 0
798 0
799 0
800 0
801 0
802 0
803 0
804 0
805 0
806 0
807 0
808 0
809 0
810 0
811 0
812 0
813 0
814 0
815 0
816 0
817 0
818 0
819 0
820 0
821 0
822 0
823 0
824 0
825 0
826 0
827 0
828 0
829 0
830 0
831 0
832 0
833 0
834 0
835 0
836 0
837 0
838 0
839 0
840 0
841 0
842 0
843 0
844 0
845 0
846 0
847 0
848 0
849 0
850 0
851 0
852 0
853 0
854 0
855 0
