25 -0.0597552 0.0228389
26 0.060984 0.025044
27 -0.0703428 0.019037
28 -0.527639 0.0140527
31 0.188049 0.0207873
32 -0.104078 0.0206366
33 -0.422923 0.0148853
34 -0.415713 0.0164288
37 -0.219764 0.0206028
38 -0.00741917 0.0203364
39 -0.475945 0.0211523
40 1. 0.0206
43 -0.252967 0.0228686
44 -0.188053 0.0215501
45 -0.719754 0.020872
46 -0.576163 0.0167597
49 -0.270318 0.0256648
50 -0.343229 0.0231517
51 0.20866 0.0249032
52 0.164361 0.0227293
55 -0.854544 0.0126878
56 -0.591411 0.0112057
58 -0.457325 0.020152
62 -0.555173 0.0204699
63 -0.309186 0.0207236
67 -0.639064 0.0125408
68 -0.512773 0.0135055
69 0 0.0297711
70 -0.752788 0.0163796
73 -0.122107 0.0210221
74 -0.00361788 0.0209081
75 -0.0103465 0.0213922
76 0.0280475 0.0211095
79 -0.438598 0.0212908
80 -0.5 0.01315
81 -0.288769 0.0329614
85 -0.35762 0.014229
86 -0.140463 0.0218955
87 0.124035 0.0220479
88 -0.0990645 0.0212891
91 -0.593604 0.0146298
92 3.5672 0.0213909
93 0.10175 0.0206907
94 -0.219854 0.0197207
97 -0.0108726 0.020819
98 -0.612307 0.0206745
99 2.21104 0.019414
100 -0.795098 0.0163578
103 0.00586348 0.0206769
104 -0.16465 0.0208135
105 -0.283526 0.0208317
106 -0.232599 0.0207301
109 -0.756838 0.0233087
110 -0.297537 0.0326928
111 -0.347716 0.0235534
112 -0.626793 0.020785
115 -0.553228 0.0237574
116 -0.26571 0.0207934
117 -0.346203 0.0200768
118 -0.233771 0.0207093
121 -0.957826 0.0225118
122 3 0.06
123 -0.601104 0.0194358
124 2.25711 0.0401135
127 -0.179024 0.021097
128 -0.43518 0.0211753
129 1.3329 0.0200718
130 -0.455565 0.0206297
133 -0.915922 0.0205183
134 -0.614497 0.0169372
135 -0.656102 0.0170727
136 -1.10255 0.0173285
139 -0.0759956 0.023851
140 0.908997 0.0224841
141 0.0627316 0.0233141
142 1.45399 0.010592
145 -0.736234 0.0149456
146 -0.59355 0.0173239
147 -0.44543 0.0164589
148 -0.201277 0.0196212
151 -0.500554 0.0215034
152 -1.08578 0.022125
153 -0.603 0.0203327
154 -0.788745 0.0217559
157 -0.348533 0.0165157
158 -0.566984 0.0167127
159 -0.202148 0.0164078
160 -0.384151 0.0211026
163 11.8825 0.0245436
164 -0.626809 0.0213028
165 -0.269795 0.021133
166 -0.493427 0.0211538
251 0 1
252 0 0.00775
301 7.69395636295985 0.0232701018484858
302 -3.92950982657294 0.02308382448065
303 9.48377105462032 0.0317101238048742
304 -12.3773799555379 0.0214542770137696
305 -9.32566191333376 0.0221579146833664
306 7.88071743379987 0.0220270873419558
307 3.01964351308175 0.0194254409076579
308 -0.607052646463217 0.0207391567167393
309 1.51239000246073 0.0228069987252214
310 -0.438201168047272 0.0222420498258392
311 -2.09211750777331 0.0218621779539509
312 2.29043677714367 0.0217340782495978
313 -3.38139272332728 0.0206127482903746
314 0.0 0.025
315 -2.47618182853171 0.0212888196496546
316 4.2065991143395 0.0204003247786316
401 8.3438752173106 0.0216429394063812
402 -1.97749815919224 0.0239431609153364
403 -0.903128713094475 0.0245060589122711
404 5.40699034831732 0.0206983048473248
405 11.8533715128699 0.0207442349101025
406 -4.46553880501688 0.0206196981197171
407 10.2788975646895 0.0212769387460082
408 5.56135900149457 0.0219673022268907
409 1.2950638522093 0.021476199492138
410 8.30953981991206 0.0212407923530846
411 9.53813002186939 0.0222275519040896
412 -5.77500886282951 0.0221220628651956
501 -3.10091580057588 0.0221183742448373
502 1.84507396843173 0.0203365773432027
503 8.36990853515158 0.0208473871118328
504 -1.31695249363179 0.0229653497306122
505 -18.271281780512 0.0227196590749618
506 -3.06104642229843 0.021068654233672
507 -3.33076085462881 0.0207879018997406
508 0.0 0.025
601 -3.74519966029106 0.0200972566715849
602 -0.84131804688559 0.0202951531181386
603 5.0011190114576 0.0235186387311239
604 -7.23968101465243 0.0221674642444697
605 1.78635502769475 0.0212582674186055
606 10.379275003623 0.0205157646204262
607 0.594906633998107 0.0252788172499253
608 5.87116711339309 0.0220979877623889
609 -4.61524218435375 0.0230446648038214
610 -7.34626206180019 0.0239014413877167
611 12.7436354260576 0.0249331116215517
612 8.57675518609358 0.0225495435864749
613 -2.61039920243229 0.0233705204864279
614 -2.3013629886525 0.0221170103211138
615 0.0 0.025
616 0.740992380472108 0.0227650638341587
701 -2.35920001819477 0.0203898170362592
702 -0.0439256960441981 0.0231325027879726
703 6.25635340092231 0.0223578119779723
704 1.81559443866422 0.0226247343611278
705 5.59085366432009 0.0243402178095621
706 1.9272945582602 0.0219147002561986
707 2.97526760317464 0.0221614073264331
708 3.99668035002423 0.020633594309424
709 0.449350715114178 0.0208521112884244
710 0.0272801180408351 0.0237193444993888
711 -0.578697742592567 0.024262573036795
712 2.64525698101215 0.023068688428249
800 429.144 0.752351
801 456.712 0.318737
802 402.81 0.300145
803 400 0.3
804 396.819 0.327855
805 396.52 0.319518
806 354.652 0.314528
807 399.314 0.29804
808 409.675 0.300935
809 357.557 0.321206
810 398.307 0.309353
811 376.141 0.30792
812 384.383 0.312733
813 442.482 0.308663
814 431.815 0.297356
815 463.59 0.298459
820 380.674 0.32573
821 354.259 0.304835
822 397.519 0.318128
823 391.28 0.313244
824 454.597 0.315405
825 405.517 0.32
826 436.526 0.315986
827 404.829 0.321497
828 420.198 0.307463
829 172.013 7.20317
830 297.816 5.75454
831 390.562 0.31202
832 453.709 0.301177
833 407.524 0.305993
834 420.088 0.338142
835 426.881 0.308312
840 444.426 0.32
841 452.619 0.335457
842 438.375 0.34
843 441.781 0.321892
844 0 1
845 393.799 0.315623
846 378.168 0.304684
847 374.507 0.317861
848 369.107 0.3138
849 345.872 0.318264
850 332.343 0.316718
851 337.455 0.307263
852 338.629 0.322364
853 330.554 0.323734
854 322.351 0.317763
855 0 1
