0 0
1 0
2 0
3 0
4 0
5 0
6 0
7 0
8 0
9 0
10 0
11 0
12 0
13 0
14 0
15 0
16 0
17 0
18 0
19 0
20 0
21 0
22 0
23 17483.4
24 16410.5
25 21419.1
26 16035.2
27 17532.4
28 17435.1
29 17272.5
30 18258.2
31 19644
32 19354.4
33 18541.2
34 16363.5
35 22248.7
36 16293.8
37 20447.4
38 18368.7
39 15002.8
40 13061.8
41 16589
42 17184.4
43 18402.4
44 16006.6
45 15171.9
46 16226.9
47 15750.8
48 17698.5
49 15296.3
50 15906.2
51 17587.3
52 18303.8
53 16263.4
54 15914.1
55 16755.7
56 18899.5
57 0
58 17236.1
59 16948.1
60 15295.8
61 0
62 16921.2
63 16217.6
64 0
65 17689.9
66 17084.4
67 15856.6
68 16277.3
69 23565.5
70 15250.1
71 20955.9
72 27297.2
73 18567
74 17852.8
75 19267.8
76 13215
77 16930.2
78 15278.2
79 17870.1
80 -1.28684e+08
81 20060.9
82 0
83 18410
84 13272.4
85 16706.8
86 17878.2
87 17480.6
88 16801.1
89 17511.2
90 15813.9
91 14764
92 19084
93 16613
94 19121.6
95 12623.7
96 17087.1
97 18083.1
98 16147.5
99 12789.6
100 13386.8
101 13375.2
102 14667.7
103 16349.5
104 17634.1
105 16873.7
106 15599.7
107 15660.7
108 18282.5
109 19398
110 15881.8
111 17459.1
112 16876.5
113 17233.3
114 16926
115 15355.7
116 19545.2
117 19421.9
118 16235.7
119 13957.7
120 19696.3
121 17432
122 18646.8
123 16413.2
124 16264.6
125 15520.5
126 15083.3
127 13919.6
128 15740
129 18783.7
130 15890.2
131 14837.4
132 17208
133 13896.3
134 14295.6
135 15792.9
136 16938.9
137 12605.2
138 16335.3
139 21124.2
140 21140.9
141 22499.6
142 20292.8
143 12107.2
144 15065.2
145 14404.7
146 15002.5
147 14518
148 17304.2
149 0
150 0
151 12572.6
152 14518.2
153 16286.6
154 13376.2
155 0
156 0
157 14007.7
158 14143
159 18017.7
160 15460.3
161 0
162 0
163 13833.4
164 14549.4
165 18172.5
166 16176.9
167 0
168 0
169 0
170 0
171 0
172 0
173 0
174 0
175 0
176 0
177 0
178 0
179 0
180 0
181 0
182 0
183 0
184 0
185 0
186 0
187 0
188 0
189 0
190 0
191 0
192 0
193 0
194 0
195 0
196 0
197 0
198 0
199 0
200 0
201 0
202 0
203 0
204 0
205 0
206 0
207 0
208 0
209 0
210 0
211 0
212 0
213 0
214 0
215 0
216 0
217 0
218 0
219 0
220 0
221 0
222 0
223 0
224 0
225 0
226 0
227 0
228 0
229 0
230 0
231 0
232 0
233 0
234 0
235 0
236 0
237 0
238 0
239 0
240 0
241 0
242 0
243 0
244 0
245 0
246 0
247 0
248 0
249 0
250 0
251 0
252 0
253 0
254 0
255 0
256 0
257 0
258 0
259 0
260 0
261 0
262 0
263 0
264 0
265 0
266 0
267 0
268 0
269 0
270 0
271 0
272 0
273 0
274 0
275 0
276 0
277 0
278 0
279 0
280 0
281 0
282 0
283 0
284 0
285 0
286 0
287 0
288 0
289 0
290 0
291 0
292 0
293 0
294 0
295 0
296 0
297 0
298 0
299 0
300 0
301 2155.97
302 2262.78
303 2671.83
304 2494.8
305 2596.04
306 2344.64
307 2711.11
308 2531.85
309 2592.59
310 2330.86
311 2380.77
312 2206.69
313 1973.58
314 1787.53
315 1516.77
316 1890.15
317 0
318 0
319 0
320 0
321 0
322 0
323 0
324 0
325 0
326 0
327 0
328 0
329 0
330 0
331 0
332 0
333 0
334 0
335 0
336 0
337 0
338 0
339 0
340 0
341 0
342 0
343 0
344 0
345 0
346 0
347 0
348 0
349 0
350 0
351 0
352 0
353 0
354 0
355 0
356 0
357 0
358 0
359 0
360 0
361 0
362 0
363 0
364 0
365 0
366 0
367 0
368 0
369 0
370 0
371 0
372 0
373 0
374 0
375 0
376 0
377 0
378 0
379 0
380 0
381 0
382 0
383 0
384 0
385 0
386 0
387 0
388 0
389 0
390 0
391 0
392 0
393 0
394 0
395 0
396 0
397 0
398 0
399 0
400 0
401 2238.4
402 2619.81
403 2438.43
404 2472.66
405 2412.66
406 2642.06
407 2762.69
408 2576.64
409 2433.88
410 1823.13
411 1287.83
412 1822.78
413 0
414 0
415 0
416 0
417 0
418 0
419 0
420 0
421 0
422 0
423 0
424 0
425 0
426 0
427 0
428 0
429 0
430 0
431 0
432 0
433 0
434 0
435 0
436 0
437 0
438 0
439 0
440 0
441 0
442 0
443 0
444 0
445 0
446 0
447 0
448 0
449 0
450 0
451 0
452 0
453 0
454 0
455 0
456 0
457 0
458 0
459 0
460 0
461 0
462 0
463 0
464 0
465 0
466 0
467 0
468 0
469 0
470 0
471 0
472 0
473 0
474 0
475 0
476 0
477 0
478 0
479 0
480 0
481 0
482 0
483 0
484 0
485 0
486 0
487 0
488 0
489 0
490 0
491 0
492 0
493 0
494 0
495 0
496 0
497 0
498 0
499 0
500 0
501 2018.93
502 1792.21
503 1835.37
504 2390.02
505 1859.37
506 2643.7
507 2029.16
508 1932.32
509 0
510 0
511 0
512 0
513 0
514 0
515 0
516 0
517 0
518 0
519 0
520 0
521 0
522 0
523 0
524 0
525 0
526 0
527 0
528 0
529 0
530 0
531 0
532 0
533 0
534 0
535 0
536 0
537 0
538 0
539 0
540 0
541 0
542 0
543 0
544 0
545 0
546 0
547 0
548 0
549 0
550 0
551 0
552 0
553 0
554 0
555 0
556 0
557 0
558 0
559 0
560 0
561 0
562 0
563 0
564 0
565 0
566 0
567 0
568 0
569 0
570 0
571 0
572 0
573 0
574 0
575 0
576 0
577 0
578 0
579 0
580 0
581 0
582 0
583 0
584 0
585 0
586 0
587 0
588 0
589 0
590 0
591 0
592 0
593 0
594 0
595 0
596 0
597 0
598 0
599 0
600 0
601 2518.6
602 2842.5
603 3144.69
604 3230.45
605 3252.79
606 2756.11
607 3335.55
608 2816.22
609 2823.21
610 3448.2
611 3019.77
612 3214.71
613 2551.04
614 3571.72
615 3136.3
616 3171.65
617 0
618 0
619 0
620 0
621 0
622 0
623 0
624 0
625 0
626 0
627 0
628 0
629 0
630 0
631 0
632 0
633 0
634 0
635 0
636 0
637 0
638 0
639 0
640 0
641 0
642 0
643 0
644 0
645 0
646 0
647 0
648 0
649 0
650 0
651 0
652 0
653 0
654 0
655 0
656 0
657 0
658 0
659 0
660 0
661 0
662 0
663 0
664 0
665 0
666 0
667 0
668 0
669 0
670 0
671 0
672 0
673 0
674 0
675 0
676 0
677 0
678 0
679 0
680 0
681 0
682 0
683 0
684 0
685 0
686 0
687 0
688 0
689 0
690 0
691 0
692 0
693 0
694 0
695 0
696 0
697 0
698 0
699 0
700 0
701 3052.65
702 2683.82
703 2887.51
704 3032.69
705 2764.3
706 3684.57
707 3052.2
708 3357.65
709 3241.17
710 3377.77
711 2878.21
712 3240.15
713 0
714 0
715 0
716 0
717 0
718 0
719 0
720 0
721 0
722 0
723 0
724 0
725 0
726 0
727 0
728 0
729 0
730 0
731 0
732 0
733 0
734 0
735 0
736 0
737 0
738 0
739 0
740 0
741 0
742 0
743 0
744 0
745 0
746 0
747 0
748 0
749 0
750 0
751 0
752 0
753 0
754 0
755 0
756 0
757 0
758 0
759 0
760 0
761 0
762 0
763 0
764 0
765 0
766 0
767 0
768 0
769 0
770 0
771 0
772 0
773 0
774 0
775 0
776 0
777 0
778 0
779 0
780 0
781 0
782 0
783 0
784 0
785 0
786 0
787 0
788 0
789 0
790 0
791 0
792 0
793 0
794 0
795 0
796 0
797 0
798 0
799 0
800 0
801 0
802 0
803 0
804 0
805 0
806 0
807 0
808 0
809 0
810 0
811 0
812 0
813 0
814 0
815 0
816 0
817 0
818 0
819 0
820 0
821 0
822 0
823 0
824 0
825 0
826 0
827 0
828 0
829 0
830 0
831 0
832 0
833 0
834 0
835 0
836 0
837 0
838 0
839 0
840 0
841 0
842 0
843 0
844 0
845 0
846 0
847 0
848 0
849 0
850 0
851 0
852 0
853 0
854 0
855 0
