0 0
1 0
2 0
3 0
4 0
5 0
6 0
7 0
8 0
9 0
10 0
11 0
12 0
13 0
14 0
15 0
16 0
17 0
18 0
19 0
20 0
21 0
22 0
23 17130.8
24 16389.5
25 1229.18
26 187269
27 2293.06
28 10619.4
29 19444.7
30 18274.1
31 -19558.1
32 3845.02
33 5224.29
34 37222.1
35 21327.3
36 15094.7
37 328.46
38 -11411.2
39 1439.28
40 -132584
41 17288.9
42 17055.7
43 -1831.35
44 -154050
45 9608.4
46 22270
47 14209.1
48 -153845
49 -3.85113e+06
50 46116.6
51 -4.38901e+06
52 7503.33
53 16038.7
54 15622.9
55 -1.67376e+07
56 -11532.7
57 0
58 -3323.22
59 16825.3
60 1090.75
61 0
62 106829
63 -7.26242e+06
64 0
65 20749.3
66 20114
67 1793.75
68 167869
69 185104
70 514.584
71 17439
72 -1.03973e+07
73 -187944
74 3544.46
75 10232
76 -169369
77 21372.2
78 18440.8
79 -192742
80 19120
81 -1.09734e+07
82 0
83 21159.3
84 15633.4
85 641036
86 54945
87 -5.59398e+06
88 48638.2
89 18837.4
90 -150149
91 1390.37
92 39481.3
93 55746.4
94 197753
95 12848.8
96 14214
97 -113991
98 16510.7
99 152.532
100 21163
101 14261.3
102 15390.7
103 -11710.7
104 357200
105 -5634.16
106 184252
107 13936
108 17475.8
109 -10404.1
110 -9066
111 1954.98
112 113144
113 15784.9
114 15995.5
115 245381
116 36101.6
117 -412076
118 12549
119 15492.9
120 19704.3
121 22262.6
122 -7697.23
123 14263.3
124 268298
125 17917
126 14646.1
127 7833.24
128 5283.09
129 -1286.87
130 -0.886644
131 -13656.1
132 18691.5
133 19.6686
134 135919
135 -1.7984e+06
136 464373
137 13703.4
138 15974
139 286662
140 279.946
141 74169.5
142 115515
143 12688.7
144 16310.2
145 1986.89
146 -13295.6
147 28418.3
148 933.185
149 0
150 0
151 11309.4
152 10812.1
153 1179.1
154 10470.3
155 0
156 0
157 10352.9
158 10799.7
159 -11164.2
160 10543.9
161 0
162 0
163 10603.9
164 8661.56
165 13693.9
166 27194.6
167 0
168 0
169 0
170 0
171 0
172 0
173 0
174 0
175 0
176 0
177 0
178 0
179 0
180 0
181 0
182 0
183 0
184 0
185 0
186 0
187 0
188 0
189 0
190 0
191 0
192 0
193 0
194 0
195 0
196 0
197 0
198 0
199 0
200 0
201 0
202 0
203 0
204 0
205 0
206 0
207 0
208 0
209 0
210 0
211 0
212 0
213 0
214 0
215 0
216 0
217 0
218 0
219 0
220 0
221 0
222 0
223 0
224 0
225 0
226 0
227 0
228 0
229 0
230 0
231 0
232 0
233 0
234 0
235 0
236 0
237 0
238 0
239 0
240 0
241 0
242 0
243 0
244 0
245 0
246 0
247 0
248 0
249 0
250 0
251 0
252 -532375
253 0
254 0
255 0
256 0
257 0
258 0
259 0
260 0
261 0
262 0
263 0
264 0
265 0
266 0
267 0
268 0
269 0
270 0
271 0
272 0
273 0
274 0
275 0
276 0
277 0
278 0
279 0
280 0
281 0
282 0
283 0
284 0
285 0
286 0
287 0
288 0
289 0
290 0
291 0
292 0
293 0
294 0
295 0
296 0
297 0
298 0
299 0
300 0
301 1838.48
302 1889.52
303 2440.66
304 -2194.63
305 -2095.31
306 -2341.08
307 -2444.5
308 -1898.11
309 2174.01
310 2171.81
311 2276.99
312 1750.92
313 1714.85
314 1701.86
315 1523.33
316 1630.47
317 0
318 0
319 0
320 0
321 0
322 0
323 0
324 0
325 0
326 0
327 0
328 0
329 0
330 0
331 0
332 0
333 0
334 0
335 0
336 0
337 0
338 0
339 0
340 0
341 0
342 0
343 0
344 0
345 0
346 0
347 0
348 0
349 0
350 0
351 0
352 0
353 0
354 0
355 0
356 0
357 0
358 0
359 0
360 0
361 0
362 0
363 0
364 0
365 0
366 0
367 0
368 0
369 0
370 0
371 0
372 0
373 0
374 0
375 0
376 0
377 0
378 0
379 0
380 0
381 0
382 0
383 0
384 0
385 0
386 0
387 0
388 0
389 0
390 0
391 0
392 0
393 0
394 0
395 0
396 0
397 0
398 0
399 0
400 0
401 2075.06
402 2000.54
403 -7.09877e+06
404 -1270.2
405 -2676.05
406 1803.49
407 1915.38
408 1749.99
409 1595.38
410 1591.1
411 1237.29
412 1726.65
413 0
414 0
415 0
416 0
417 0
418 0
419 0
420 0
421 0
422 0
423 0
424 0
425 0
426 0
427 0
428 0
429 0
430 0
431 0
432 0
433 0
434 0
435 0
436 0
437 0
438 0
439 0
440 0
441 0
442 0
443 0
444 0
445 0
446 0
447 0
448 0
449 0
450 0
451 0
452 0
453 0
454 0
455 0
456 0
457 0
458 0
459 0
460 0
461 0
462 0
463 0
464 0
465 0
466 0
467 0
468 0
469 0
470 0
471 0
472 0
473 0
474 0
475 0
476 0
477 0
478 0
479 0
480 0
481 0
482 0
483 0
484 0
485 0
486 0
487 0
488 0
489 0
490 0
491 0
492 0
493 0
494 0
495 0
496 0
497 0
498 0
499 0
500 0
501 2139.66
502 1859.28
503 1603.39
504 -1703.67
505 1527.99
506 2102.38
507 2615.52
508 1813.48
509 0
510 0
511 0
512 0
513 0
514 0
515 0
516 0
517 0
518 0
519 0
520 0
521 0
522 0
523 0
524 0
525 0
526 0
527 0
528 0
529 0
530 0
531 0
532 0
533 0
534 0
535 0
536 0
537 0
538 0
539 0
540 0
541 0
542 0
543 0
544 0
545 0
546 0
547 0
548 0
549 0
550 0
551 0
552 0
553 0
554 0
555 0
556 0
557 0
558 0
559 0
560 0
561 0
562 0
563 0
564 0
565 0
566 0
567 0
568 0
569 0
570 0
571 0
572 0
573 0
574 0
575 0
576 0
577 0
578 0
579 0
580 0
581 0
582 0
583 0
584 0
585 0
586 0
587 0
588 0
589 0
590 0
591 0
592 0
593 0
594 0
595 0
596 0
597 0
598 0
599 0
600 0
601 1867.95
602 4041.93
603 -2789.38
604 -2122.66
605 2169.8
606 2201.75
607 1348.11
608 1967.44
609 2556.49
610 2842.19
611 -34427.3
612 2468.01
613 -2337.89
614 -2433.88
615 2284.24
616 -2221.38
617 0
618 0
619 0
620 0
621 0
622 0
623 0
624 0
625 0
626 0
627 0
628 0
629 0
630 0
631 0
632 0
633 0
634 0
635 0
636 0
637 0
638 0
639 0
640 0
641 0
642 0
643 0
644 0
645 0
646 0
647 0
648 0
649 0
650 0
651 0
652 0
653 0
654 0
655 0
656 0
657 0
658 0
659 0
660 0
661 0
662 0
663 0
664 0
665 0
666 0
667 0
668 0
669 0
670 0
671 0
672 0
673 0
674 0
675 0
676 0
677 0
678 0
679 0
680 0
681 0
682 0
683 0
684 0
685 0
686 0
687 0
688 0
689 0
690 0
691 0
692 0
693 0
694 0
695 0
696 0
697 0
698 0
699 0
700 0
701 1682.64
702 949.159
703 164433
704 2708.91
705 -8.71052e+06
706 -3627.8
707 2559.53
708 2437.73
709 -2946.8
710 -2574.88
711 3110.31
712 2607.34
713 0
714 0
715 0
716 0
717 0
718 0
719 0
720 0
721 0
722 0
723 0
724 0
725 0
726 0
727 0
728 0
729 0
730 0
731 0
732 0
733 0
734 0
735 0
736 0
737 0
738 0
739 0
740 0
741 0
742 0
743 0
744 0
745 0
746 0
747 0
748 0
749 0
750 0
751 0
752 0
753 0
754 0
755 0
756 0
757 0
758 0
759 0
760 0
761 0
762 0
763 0
764 0
765 0
766 0
767 0
768 0
769 0
770 0
771 0
772 0
773 0
774 0
775 0
776 0
777 0
778 0
779 0
780 0
781 0
782 0
783 0
784 0
785 0
786 0
787 0
788 0
789 0
790 0
791 0
792 0
793 0
794 0
795 0
796 0
797 0
798 0
799 0
800 -6787.45
801 -4.43517e+06
802 1.13493e+06
803 0
804 297169
805 -3.55469e+06
806 49347.1
807 56523.5
808 5396.71
809 297853
810 6319.58
811 1.143e+06
812 945431
813 -1.18744e+07
814 -1.33408e+07
815 199588
816 0
817 0
818 0
819 0
820 -259237
821 51420.2
822 -656356
823 163709
824 629668
825 679766
826 -3.76136e+07
827 543681
828 149542
829 -2059.89
830 -962121
831 289991
832 -5.1896e+06
833 56604
834 278714
835 571526
836 0
837 0
838 0
839 0
840 30350.6
841 -4.28368e+07
842 -1.6736e+08
843 -7.38288e+08
844 0
845 -3.96622e+06
846 -6.90792e+07
847 -1.09175e+07
848 1.18327e+06
849 -7.11404e+07
850 568927
851 -5.39663e+06
852 13537.8
853 443943
854 109106
855 0
