0 0
1 0
2 0
3 0
4 0
5 0
6 0
7 0
8 0
9 0
10 0
11 0
12 0
13 0
14 0
15 0
16 0
17 0
18 0
19 0
20 0
21 0
22 0
23 10497.4
24 10568.8
25 16379.4
26 12339.5
27 12492.9
28 10966.5
29 11102.6
30 11466.1
31 14932.3
32 13974.8
33 11382.9
34 12927.3
35 13039.6
36 10618
37 12287.3
38 11767.4
39 10230.4
40 7708.22
41 10479.7
42 11883.1
43 12831.3
44 12137.4
45 11375.3
46 11633.5
47 10077.8
48 11815.8
49 13087.4
50 12861.9
51 14789.2
52 13344
53 9782.99
54 10738.5
55 13727.3
56 12230.6
57 0
58 12685.9
59 10152.4
60 10047.3
61 0
62 11443.5
63 12830.7
64 0
65 10901
66 12046.4
67 10571.6
68 10253.2
69 13226.1
70 10934.1
71 12428.3
72 16408.3
73 12820.5
74 12707.5
75 11379.7
76 11973.3
77 10442.3
78 11360.3
79 10855.9
80 0
81 13951.8
82 0
83 10919.3
84 10292.7
85 12602.2
86 15291.8
87 14605.9
88 12173.2
89 10045.4
90 11559.3
91 12125.4
92 12249.4
93 13576.4
94 11827.7
95 11651.4
96 11800.9
97 12237.6
98 15084.6
99 14219.4
100 10845.2
101 11447.4
102 11102.2
103 12843.8
104 14591.1
105 11576.7
106 11607.6
107 10795.3
108 11742.3
109 10958
110 9801.52
111 12652
112 10075
113 10969
114 11704.2
115 10191.8
116 14078.6
117 13829.8
118 11100.6
119 10257.5
120 12602.3
121 12497
122 12531.5
123 12515.4
124 13191.5
125 11000.2
126 11009.8
127 10607.4
128 11615.3
129 12608.3
130 12720.4
131 11987.6
132 10959.6
133 11104.4
134 11811.6
135 10991.6
136 11222
137 11373.5
138 11777.2
139 11016
140 11583.6
141 12115.2
142 11245.3
143 11745.1
144 12088.7
145 12019.2
146 13666.3
147 11601.7
148 12395.5
149 0
150 0
151 11884.8
152 14417
153 12022.6
154 14359.8
155 0
156 0
157 14655
158 13424
159 13353.5
160 11914.6
161 0
162 0
163 13812.1
164 13637.5
165 12299.4
166 12208.9
167 0
168 0
169 0
170 0
171 0
172 0
173 0
174 0
175 0
176 0
177 0
178 0
179 0
180 0
181 0
182 0
183 0
184 0
185 0
186 0
187 0
188 0
189 0
190 0
191 0
192 0
193 0
194 0
195 0
196 0
197 0
198 0
199 0
200 0
201 0
202 0
203 0
204 0
205 0
206 0
207 0
208 0
209 0
210 0
211 0
212 0
213 0
214 0
215 0
216 0
217 0
218 0
219 0
220 0
221 0
222 0
223 0
224 0
225 0
226 0
227 0
228 0
229 0
230 0
231 0
232 0
233 0
234 0
235 0
236 0
237 0
238 0
239 0
240 0
241 0
242 0
243 0
244 0
245 0
246 0
247 0
248 0
249 0
250 0
251 0
252 0
253 0
254 0
255 0
256 0
257 0
258 0
259 0
260 0
261 0
262 0
263 0
264 0
265 0
266 0
267 0
268 0
269 0
270 0
271 0
272 0
273 0
274 0
275 0
276 0
277 0
278 0
279 0
280 0
281 0
282 0
283 0
284 0
285 0
286 0
287 0
288 0
289 0
290 0
291 0
292 0
293 0
294 0
295 0
296 0
297 0
298 0
299 0
300 0
301 2924.67
302 3241.28
303 3225.98
304 3563.54
305 3866.11
306 3248.39
307 3420.96
308 3005.2
309 3381.68
310 -3514.15
311 3571.18
312 3636.69
313 3834.94
314 -3549.3
315 3524.29
316 2719.91
317 0
318 0
319 0
320 0
321 0
322 0
323 0
324 0
325 0
326 0
327 0
328 0
329 0
330 0
331 0
332 0
333 0
334 0
335 0
336 0
337 0
338 0
339 0
340 0
341 0
342 0
343 0
344 0
345 0
346 0
347 0
348 0
349 0
350 0
351 0
352 0
353 0
354 0
355 0
356 0
357 0
358 0
359 0
360 0
361 0
362 0
363 0
364 0
365 0
366 0
367 0
368 0
369 0
370 0
371 0
372 0
373 0
374 0
375 0
376 0
377 0
378 0
379 0
380 0
381 0
382 0
383 0
384 0
385 0
386 0
387 0
388 0
389 0
390 0
391 0
392 0
393 0
394 0
395 0
396 0
397 0
398 0
399 0
400 0
401 3241.13
402 3297.74
403 3641.77
404 3310.59
405 2943.51
406 3077.73
407 3124.73
408 3305
409 3017.37
410 3073.22
411 2966.78
412 3076.74
413 0
414 0
415 0
416 0
417 0
418 0
419 0
420 0
421 0
422 0
423 0
424 0
425 0
426 0
427 0
428 0
429 0
430 0
431 0
432 0
433 0
434 0
435 0
436 0
437 0
438 0
439 0
440 0
441 0
442 0
443 0
444 0
445 0
446 0
447 0
448 0
449 0
450 0
451 0
452 0
453 0
454 0
455 0
456 0
457 0
458 0
459 0
460 0
461 0
462 0
463 0
464 0
465 0
466 0
467 0
468 0
469 0
470 0
471 0
472 0
473 0
474 0
475 0
476 0
477 0
478 0
479 0
480 0
481 0
482 0
483 0
484 0
485 0
486 0
487 0
488 0
489 0
490 0
491 0
492 0
493 0
494 0
495 0
496 0
497 0
498 0
499 0
500 0
501 0
502 1856.47
503 2227.81
504 2284.07
505 2094.81
506 2262.95
507 2261.87
508 1921.06
509 0
510 0
511 0
512 0
513 0
514 0
515 0
516 0
517 0
518 0
519 0
520 0
521 0
522 0
523 0
524 0
525 0
526 0
527 0
528 0
529 0
530 0
531 0
532 0
533 0
534 0
535 0
536 0
537 0
538 0
539 0
540 0
541 0
542 0
543 0
544 0
545 0
546 0
547 0
548 0
549 0
550 0
551 0
552 0
553 0
554 0
555 0
556 0
557 0
558 0
559 0
560 0
561 0
562 0
563 0
564 0
565 0
566 0
567 0
568 0
569 0
570 0
571 0
572 0
573 0
574 0
575 0
576 0
577 0
578 0
579 0
580 0
581 0
582 0
583 0
584 0
585 0
586 0
587 0
588 0
589 0
590 0
591 0
592 0
593 0
594 0
595 0
596 0
597 0
598 0
599 0
600 0
601 2145.9
602 1989.48
603 2412.53
604 2326.86
605 2333.99
606 2274.8
607 2237.91
608 2199.47
609 2243.04
610 2521.43
611 2316.88
612 2219.75
613 2089.68
614 2282.66
615 2073.87
616 2486.71
617 0
618 0
619 0
620 0
621 0
622 0
623 0
624 0
625 0
626 0
627 0
628 0
629 0
630 0
631 0
632 0
633 0
634 0
635 0
636 0
637 0
638 0
639 0
640 0
641 0
642 0
643 0
644 0
645 0
646 0
647 0
648 0
649 0
650 0
651 0
652 0
653 0
654 0
655 0
656 0
657 0
658 0
659 0
660 0
661 0
662 0
663 0
664 0
665 0
666 0
667 0
668 0
669 0
670 0
671 0
672 0
673 0
674 0
675 0
676 0
677 0
678 0
679 0
680 0
681 0
682 0
683 0
684 0
685 0
686 0
687 0
688 0
689 0
690 0
691 0
692 0
693 0
694 0
695 0
696 0
697 0
698 0
699 0
700 0
701 2367.39
702 2218.5
703 2218.62
704 2256.24
705 2226.3
706 2317.23
707 2401.95
708 2168.85
709 2181.26
710 2284.12
711 2196.18
712 2117.88
713 0
714 0
715 0
716 0
717 0
718 0
719 0
720 0
721 0
722 0
723 0
724 0
725 0
726 0
727 0
728 0
729 0
730 0
731 0
732 0
733 0
734 0
735 0
736 0
737 0
738 0
739 0
740 0
741 0
742 0
743 0
744 0
745 0
746 0
747 0
748 0
749 0
750 0
751 0
752 0
753 0
754 0
755 0
756 0
757 0
758 0
759 0
760 0
761 0
762 0
763 0
764 0
765 0
766 0
767 0
768 0
769 0
770 0
771 0
772 0
773 0
774 0
775 0
776 0
777 0
778 0
779 0
780 0
781 0
782 0
783 0
784 0
785 0
786 0
787 0
788 0
789 0
790 0
791 0
792 0
793 0
794 0
795 0
796 0
797 0
798 0
799 0
800 0
801 0
802 0
803 0
804 0
805 0
806 0
807 0
808 0
809 0
810 0
811 0
812 0
813 0
814 0
815 0
816 0
817 0
818 0
819 0
820 0
821 0
822 0
823 0
824 0
825 0
826 0
827 0
828 0
829 0
830 0
831 0
832 0
833 0
834 0
835 0
836 0
837 0
838 0
839 0
840 0
841 0
842 0
843 0
844 0
845 0
846 0
847 0
848 0
849 0
850 0
851 0
852 0
853 0
854 0
855 0
