0 0
1 0
2 0
3 0
4 0
5 0
6 0
7 0
8 0
9 0
10 0
11 0
12 0
13 0
14 0
15 0
16 0
17 0
18 0
19 0
20 0
21 0
22 0
23 13454.6
24 13092.4
25 22394.6
26 18193.6
27 18464.2
28 18097.9
29 13716.9
30 14119.2
31 21515.9
32 17522.5
33 18625.1
34 17957.9
35 17401.4
36 14115
37 19449.4
38 18173.3
39 15787.2
40 18486.7
41 14325.3
42 15919.3
43 19530.1
44 20294.4
45 19038.9
46 19043.4
47 14894.8
48 16348.6
49 31424.9
50 22352
51 28671.7
52 20621
53 14364.6
54 15538.3
55 19534
56 19748.2
57 0
58 20993.8
59 15489.7
60 14206.1
61 0
62 19068
63 0
64 16159.2
65 15858.6
66 17564.5
67 18436.5
68 18144.3
69 23970.6
70 18559.7
71 17790.7
72 22899.4
73 20131.2
74 19467.6
75 18964.8
76 18089.4
77 15159
78 16395.7
79 20483.4
80 18601.2
81 21349.1
82 0
83 14501
84 14598
85 30650.5
86 22095.4
87 30369.7
88 19903.4
89 12677.8
90 16241.7
91 15834.3
92 18927.1
93 19070.7
94 19798.6
95 12901.6
96 13693.9
97 18316.9
98 18198.6
99 14843.5
100 15276.4
101 12176.8
102 12393.2
103 18914.3
104 16995.3
105 18424.1
106 17189.1
107 14328.9
108 14470.6
109 19508.4
110 17872.8
111 17211.4
112 18359.6
113 15279.6
114 14671
115 17624.8
116 20814.1
117 20303.5
118 17832.7
119 14965.1
120 16894.6
121 19091.9
122 17776.9
123 23452
124 21110
125 17644.2
126 15600.6
127 18087.7
128 18475.2
129 19440.4
130 18565.1
131 18100.3
132 15891
133 16404.4
134 16825
135 16706.5
136 16077.7
137 15096.5
138 16027.5
139 17977.1
140 19869.8
141 16840.8
142 17371.2
143 16292.8
144 15923.7
145 18128.2
146 16763.7
147 17798.9
148 18904
149 15687.1
150 15092
151 16875.8
152 16972
153 18522.8
154 18839.6
155 15209.2
156 16174.9
157 19185
158 19981.8
159 19717.1
160 18103.7
161 14799.3
162 14091.6
163 16791.7
164 18060.2
165 20241.9
166 19448.9
167 0
168 0
169 0
170 0
171 0
172 0
173 0
174 0
175 0
176 0
177 0
178 0
179 0
180 0
181 0
182 0
183 0
184 0
185 0
186 0
187 0
188 0
189 0
190 0
191 0
192 0
193 0
194 0
195 0
196 0
197 0
198 0
199 0
200 11099.1
201 1109.9
202 1237.29
203 1768.76
204 1364.6
205 1098.81
206 1113.54
207 1515.33
208 1349.12
209 1178.37
210 1783.3
211 1753.86
212 1931.75
213 1978.51
214 1965.86
215 1628.23
216 1971.48
217 2100.71
218 2093.48
219 2074.46
220 0
221 0
222 0
223 0
224 0
225 0
226 0
227 0
228 0
229 0
230 0
231 0
232 0
233 0
234 0
235 0
236 0
237 0
238 0
239 0
240 0
241 0
242 0
243 0
244 0
245 0
246 0
247 0
248 0
249 0
250 0
251 0
252 0
253 0
254 0
255 0
256 0
257 0
258 0
259 0
260 0
261 0
262 0
263 0
264 0
265 0
266 0
267 0
268 0
269 0
270 0
271 0
272 0
273 0
274 0
275 0
276 0
277 0
278 0
279 0
280 0
281 0
282 0
283 0
284 0
285 0
286 0
287 0
288 0
289 0
290 0
291 0
292 0
293 0
294 0
295 0
296 0
297 0
298 0
299 0
300 0
301 0
302 0
303 0
304 0
305 0
306 0
307 0
308 0
309 0
310 0
311 0
312 0
313 0
314 0
315 0
316 0
317 0
318 0
319 0
320 0
321 0
322 0
323 0
324 0
325 0
326 0
327 0
328 0
329 0
330 0
331 0
332 0
333 0
334 0
335 0
336 0
337 0
338 0
339 0
340 0
341 0
342 0
343 0
344 0
345 0
346 0
347 0
348 0
349 0
350 0
351 0
352 0
353 0
354 0
355 0
356 0
357 0
358 0
359 0
360 0
361 0
362 0
363 0
364 0
365 0
366 0
367 0
368 0
369 0
370 0
371 0
372 0
373 0
374 0
375 0
376 0
377 0
378 0
379 0
380 0
381 0
382 0
383 0
384 0
385 0
386 0
387 0
388 0
389 0
390 0
391 0
392 0
393 0
394 0
395 0
396 0
397 0
398 0
399 0
400 0
401 0
402 0
403 0
404 0
405 0
406 0
407 0
408 0
409 0
410 0
411 0
412 0
413 0
414 0
415 0
416 0
417 0
418 0
419 0
420 0
421 0
422 0
423 0
424 0
425 0
426 0
427 0
428 0
429 0
430 0
431 0
432 0
433 0
434 0
435 0
436 0
437 0
438 0
439 0
440 0
441 0
442 0
443 0
444 0
445 0
446 0
447 0
448 0
449 0
450 0
451 0
452 0
453 0
454 0
455 0
456 0
457 0
458 0
459 0
460 0
461 0
462 0
463 0
464 0
465 0
466 0
467 0
468 0
469 0
470 0
471 0
472 0
473 0
474 0
475 0
476 0
477 0
478 0
479 0
480 0
481 0
482 0
483 0
484 0
485 0
486 0
487 0
488 0
489 0
490 0
491 0
492 0
493 0
494 0
495 0
496 0
497 0
498 0
499 0
500 0
501 0
