0 0
1 0
2 0
3 0
4 0
5 0
6 0
7 0
8 0
9 0
10 0
11 0
12 0
13 0
14 0
15 0
16 0
17 0
18 0
19 0
20 0
21 0
22 0
23 15157.8
24 11828.4
25 -199820
26 2294.62
27 7419.36
28 12636.4
29 12074.9
30 13435.9
31 1549.55
32 -14180.4
33 56454.7
34 16068.6
35 18994.5
36 11781
37 201289
38 -10422.9
39 6142.15
40 9738
41 13963.4
42 15880.4
43 14215.1
44 -3582.47
45 -7779.35
46 10405.4
47 12422
48 13224.9
49 -37225.1
50 5349.06
51 -11995.5
52 13337
53 13725.5
54 12463.6
55 13674.6
56 -11569.4
57 0
58 -15649.4
59 12206.1
60 12139.5
61 0
62 -9772.45
63 7880.52
64 0
65 14342.4
66 13589.7
67 13642.3
68 -10458.8
69 141714
70 81707.7
71 15616.7
72 20912.3
73 96352.6
74 -825.471
75 49589.2
76 5879.85
77 12718.3
78 12220
79 73787.1
80 0
81 -11700.8
82 0
83 15837.8
84 11741.6
85 -10559
86 7858.78
87 179768
88 -12487.6
89 12573.4
90 13718.6
91 8418.31
92 2136.65
93 -9888.82
94 791316
95 12889
96 14716.5
97 33272.1
98 59850.7
99 7092.37
100 14937.4
101 11464
102 12097.1
103 -85.8087
104 20514.5
105 -715.042
106 72413.6
107 11957.6
108 15704.3
109 43983.6
110 860.972
111 21301.8
112 45.9283
113 12709.3
114 13052.5
115 13119.2
116 83556.6
117 -198.676
118 15653.5
119 10310.3
120 13642.3
121 -9812.38
122 -11767.6
123 318237
124 255015
125 13928
126 12712
127 9403.33
128 10177.9
129 7879.69
130 -11785.3
131 12574.2
132 11320.5
133 -110223
134 -8635.48
135 14371.1
136 -111.842
137 12097.4
138 14873.1
139 -1941.12
140 -2.50823e+07
141 10547.1
142 16783.6
143 11739
144 12068.4
145 -9240.73
146 -8968.65
147 -12607.6
148 7893.14
149 0
150 0
151 8426.75
152 9335.32
153 12263.5
154 8117.61
155 0
156 0
157 10537
158 11480.8
159 10424.9
160 8318.22
161 0
162 0
163 8841.36
164 8998.92
165 8178.71
166 -8589.31
167 0
168 0
169 0
170 0
171 0
172 0
173 0
174 0
175 0
176 0
177 0
178 0
179 0
180 0
181 0
182 0
183 0
184 0
185 0
186 0
187 0
188 0
189 0
190 0
191 0
192 0
193 0
194 0
195 0
196 0
197 0
198 0
199 0
200 0
201 0
202 0
203 0
204 0
205 0
206 0
207 0
208 0
209 0
210 0
211 0
212 0
213 0
214 0
215 0
216 0
217 0
218 0
219 0
220 0
221 0
222 0
223 0
224 0
225 0
226 0
227 0
228 0
229 0
230 0
231 0
232 0
233 0
234 0
235 0
236 0
237 0
238 0
239 0
240 0
241 0
242 0
243 0
244 0
245 0
246 0
247 0
248 0
249 0
250 0
251 0
252 -2.05645e+07
253 0
254 0
255 0
256 0
257 0
258 0
259 0
260 0
261 0
262 0
263 0
264 0
265 0
266 0
267 0
268 0
269 0
270 0
271 0
272 0
273 0
274 0
275 0
276 0
277 0
278 0
279 0
280 0
281 0
282 0
283 0
284 0
285 0
286 0
287 0
288 0
289 0
290 0
291 0
292 0
293 0
294 0
295 0
296 0
297 0
298 0
299 0
300 0
301 1768.76
302 1276
303 2372.74
304 2369.63
305 2077.33
306 2582.08
307 -2166.41
308 -22231.3
309 2177.2
310 1893.32
311 2291.83
312 2137.61
313 1785.54
314 1716.86
315 1503.99
316 1798.75
317 0
318 0
319 0
320 0
321 0
322 0
323 0
324 0
325 0
326 0
327 0
328 0
329 0
330 0
331 0
332 0
333 0
334 0
335 0
336 0
337 0
338 0
339 0
340 0
341 0
342 0
343 0
344 0
345 0
346 0
347 0
348 0
349 0
350 0
351 0
352 0
353 0
354 0
355 0
356 0
357 0
358 0
359 0
360 0
361 0
362 0
363 0
364 0
365 0
366 0
367 0
368 0
369 0
370 0
371 0
372 0
373 0
374 0
375 0
376 0
377 0
378 0
379 0
380 0
381 0
382 0
383 0
384 0
385 0
386 0
387 0
388 0
389 0
390 0
391 0
392 0
393 0
394 0
395 0
396 0
397 0
398 0
399 0
400 0
401 1822.63
402 -1580.34
403 1650.61
404 1630.97
405 -1537.36
406 2252.32
407 2538.86
408 2183.39
409 1642.95
410 1727.47
411 1277.55
412 1736.01
413 0
414 0
415 0
416 0
417 0
418 0
419 0
420 0
421 0
422 0
423 0
424 0
425 0
426 0
427 0
428 0
429 0
430 0
431 0
432 0
433 0
434 0
435 0
436 0
437 0
438 0
439 0
440 0
441 0
442 0
443 0
444 0
445 0
446 0
447 0
448 0
449 0
450 0
451 0
452 0
453 0
454 0
455 0
456 0
457 0
458 0
459 0
460 0
461 0
462 0
463 0
464 0
465 0
466 0
467 0
468 0
469 0
470 0
471 0
472 0
473 0
474 0
475 0
476 0
477 0
478 0
479 0
480 0
481 0
482 0
483 0
484 0
485 0
486 0
487 0
488 0
489 0
490 0
491 0
492 0
493 0
494 0
495 0
496 0
497 0
498 0
499 0
500 0
501 1893.66
502 1430.79
503 1418.85
504 1779.13
505 1813.02
506 2487.61
507 1903.9
508 1790.5
509 0
510 0
511 0
512 0
513 0
514 0
515 0
516 0
517 0
518 0
519 0
520 0
521 0
522 0
523 0
524 0
525 0
526 0
527 0
528 0
529 0
530 0
531 0
532 0
533 0
534 0
535 0
536 0
537 0
538 0
539 0
540 0
541 0
542 0
543 0
544 0
545 0
546 0
547 0
548 0
549 0
550 0
551 0
552 0
553 0
554 0
555 0
556 0
557 0
558 0
559 0
560 0
561 0
562 0
563 0
564 0
565 0
566 0
567 0
568 0
569 0
570 0
571 0
572 0
573 0
574 0
575 0
576 0
577 0
578 0
579 0
580 0
581 0
582 0
583 0
584 0
585 0
586 0
587 0
588 0
589 0
590 0
591 0
592 0
593 0
594 0
595 0
596 0
597 0
598 0
599 0
600 0
601 1872.08
602 1735.68
603 1878.37
604 2251.42
605 3291.69
606 2051.54
607 2000.53
608 2478.92
609 2269.36
610 2178.74
611 2596.86
612 2771.05
613 2593.3
614 2300.48
615 2404.4
616 1949.22
617 0
618 0
619 0
620 0
621 0
622 0
623 0
624 0
625 0
626 0
627 0
628 0
629 0
630 0
631 0
632 0
633 0
634 0
635 0
636 0
637 0
638 0
639 0
640 0
641 0
642 0
643 0
644 0
645 0
646 0
647 0
648 0
649 0
650 0
651 0
652 0
653 0
654 0
655 0
656 0
657 0
658 0
659 0
660 0
661 0
662 0
663 0
664 0
665 0
666 0
667 0
668 0
669 0
670 0
671 0
672 0
673 0
674 0
675 0
676 0
677 0
678 0
679 0
680 0
681 0
682 0
683 0
684 0
685 0
686 0
687 0
688 0
689 0
690 0
691 0
692 0
693 0
694 0
695 0
696 0
697 0
698 0
699 0
700 0
701 -2045.45
702 -2482.32
703 -2096.98
704 2477.08
705 2383.91
706 -2627.85
707 2314.38
708 3260.74
709 2488.24
710 2842.53
711 2158.49
712 2852.33
713 0
714 0
715 0
716 0
717 0
718 0
719 0
720 0
721 0
722 0
723 0
724 0
725 0
726 0
727 0
728 0
729 0
730 0
731 0
732 0
733 0
734 0
735 0
736 0
737 0
738 0
739 0
740 0
741 0
742 0
743 0
744 0
745 0
746 0
747 0
748 0
749 0
750 0
751 0
752 0
753 0
754 0
755 0
756 0
757 0
758 0
759 0
760 0
761 0
762 0
763 0
764 0
765 0
766 0
767 0
768 0
769 0
770 0
771 0
772 0
773 0
774 0
775 0
776 0
777 0
778 0
779 0
780 0
781 0
782 0
783 0
784 0
785 0
786 0
787 0
788 0
789 0
790 0
791 0
792 0
793 0
794 0
795 0
796 0
797 0
798 0
799 0
800 0
801 0
802 0
803 0
804 0
805 0
806 0
807 0
808 0
809 0
810 0
811 0
812 0
813 0
814 0
815 0
816 0
817 0
818 0
819 0
820 0
821 0
822 0
823 0
824 0
825 0
826 0
827 0
828 0
829 0
830 0
831 0
832 0
833 0
834 0
835 0
836 0
837 0
838 0
839 0
840 0
841 0
842 0
843 0
844 0
845 0
846 0
847 0
848 0
849 0
850 0
851 0
852 0
853 0
854 0
855 0
