0 0
1 0
2 0
3 0
4 0
5 0
6 0
7 0
8 0
9 0
10 0
11 0
12 0
13 0
14 0
15 0
16 0
17 0
18 0
19 0
20 0
21 0
22 0
23 14791.3
24 16064.9
25 27090.3
26 23276.9
27 21283.4
28 21361.7
29 14831.9
30 14981.1
31 23921.4
32 21126.4
33 20588.8
34 20407.5
35 17958.4
36 13977.2
37 21927
38 22749.1
39 18210
40 21247.5
41 15248.9
42 16444.4
43 23538.7
44 22336.4
45 21483.3
46 20545.6
47 16780.7
48 18302.2
49 38365.5
50 25619.5
51 36978.4
52 22353.8
53 15885.4
54 17608.2
55 24917.7
56 21826.5
57 0
58 22879.7
59 17605.7
60 16490
61 0
62 22728.7
63 0
64 19864.2
65 17280.8
66 20296
67 20869.4
68 23510.9
69 26051.2
70 20460.3
71 19684.5
72 24964.5
73 21728
74 23037.1
75 21302.6
76 21128.3
77 16560
78 19041.2
79 22257.7
80 21047
81 23757.3
82 0
83 16346.9
84 17051.4
85 34645.9
86 25397.8
87 33651.8
88 21096.6
89 15064.7
90 18661.2
91 19159.4
92 22096.3
93 21257.3
94 22016.2
95 14376.1
96 15527.5
97 21843.3
98 20616.6
99 19945.5
100 19125.7
101 10976
102 12335
103 17302.7
104 17284.8
105 17629
106 17507.6
107 11212
108 13944.9
109 19340.6
110 16255.5
111 16656
112 16383
113 14081.4
114 15205.3
115 19911.3
116 22756
117 22012.1
118 19767.2
119 15030.4
120 17717.4
121 21601.6
122 19894.1
123 24351.2
124 24510.9
125 16566.2
126 16306.5
127 20571.5
128 20702.1
129 20809.8
130 21141.9
131 18463.1
132 17596.9
133 19242.7
134 18470.4
135 19620.6
136 19453.2
137 15753.9
138 17599.9
139 21080.2
140 22185.2
141 20422.1
142 20083.3
143 16452.9
144 17847.5
145 20867.3
146 20163.8
147 19500.8
148 21788.4
149 15986.5
150 17262.8
151 20600.1
152 21381
153 21714.3
154 22370.3
155 17455.4
156 17748.6
157 23029.6
158 22683.6
159 22590.8
160 21349.2
161 16129.7
162 15744.6
163 17240.5
164 21270.2
165 20629.5
166 21038.4
167 0
168 0
169 0
170 0
171 0
172 0
173 0
174 0
175 0
176 0
177 0
178 0
179 0
180 0
181 0
182 0
183 0
184 0
185 0
186 0
187 0
188 0
189 0
190 0
191 0
192 0
193 0
194 0
195 0
196 0
197 0
198 0
199 0
200 1196.99
201 0
202 1305.35
203 2239.65
204 2070.55
205 1904.53
206 1576.91
207 2044.1
208 2177.84
209 1935.88
210 2506.41
211 2274.01
212 2478.33
213 2776.46
214 3014.24
215 3131.17
216 3115.34
217 2904.17
218 3232.15
219 3357.83
220 0
221 0
222 0
223 0
224 0
225 0
226 0
227 0
228 0
229 0
230 0
231 0
232 0
233 0
234 0
235 0
236 0
237 0
238 0
239 0
240 0
241 0
242 0
243 0
244 0
245 0
246 0
247 0
248 0
249 0
250 0
251 0
252 0
253 0
254 0
255 0
256 0
257 0
258 0
259 0
260 0
261 0
262 0
263 0
264 0
265 0
266 0
267 0
268 0
269 0
270 0
271 0
272 0
273 0
274 0
275 0
276 0
277 0
278 0
279 0
280 0
281 0
282 0
283 0
284 0
285 0
286 0
287 0
288 0
289 0
290 0
291 0
292 0
293 0
294 0
295 0
296 0
297 0
298 0
299 0
300 0
301 0
302 0
303 0
304 0
305 0
306 0
307 0
308 0
309 0
310 0
311 0
312 0
313 0
314 0
315 0
316 0
317 0
318 0
319 0
320 0
321 0
322 0
323 0
324 0
325 0
326 0
327 0
328 0
329 0
330 0
331 0
332 0
333 0
334 0
335 0
336 0
337 0
338 0
339 0
340 0
341 0
342 0
343 0
344 0
345 0
346 0
347 0
348 0
349 0
350 0
351 0
352 0
353 0
354 0
355 0
356 0
357 0
358 0
359 0
360 0
361 0
362 0
363 0
364 0
365 0
366 0
367 0
368 0
369 0
370 0
371 0
372 0
373 0
374 0
375 0
376 0
377 0
378 0
379 0
380 0
381 0
382 0
383 0
384 0
385 0
386 0
387 0
388 0
389 0
390 0
391 0
392 0
393 0
394 0
395 0
396 0
397 0
398 0
399 0
400 0
401 0
402 0
403 0
404 0
405 0
406 0
407 0
408 0
409 0
410 0
411 0
412 0
413 0
414 0
415 0
416 0
417 0
418 0
419 0
420 0
421 0
422 0
423 0
424 0
425 0
426 0
427 0
428 0
429 0
430 0
431 0
432 0
433 0
434 0
435 0
436 0
437 0
438 0
439 0
440 0
441 0
442 0
443 0
444 0
445 0
446 0
447 0
448 0
449 0
450 0
451 0
452 0
453 0
454 0
455 0
456 0
457 0
458 0
459 0
460 0
461 0
462 0
463 0
464 0
465 0
466 0
467 0
468 0
469 0
470 0
471 0
472 0
473 0
474 0
475 0
476 0
477 0
478 0
479 0
480 0
481 0
482 0
483 0
484 0
485 0
486 0
487 0
488 0
489 0
490 0
491 0
492 0
493 0
494 0
495 0
496 0
497 0
498 0
499 0
500 0
501 0
