0 0
1 0
2 0
3 0
4 0
5 0
6 0
7 0
8 0
9 0
10 0
11 0
12 0
13 0
14 0
15 0
16 0
17 0
18 0
19 0
20 0
21 0
22 0
23 9960.28
24 10094.2
25 14472.4
26 10017.2
27 8099.83
28 7816.38
29 9971.7
30 10239.4
31 10477.9
32 8427.09
33 9070.95
34 8541.18
35 10990.7
36 8943.15
37 9876.74
38 12972.9
39 9865.32
40 1781.72
41 10066
42 9846.03
43 9454.96
44 10772
45 10333.9
46 9312.22
47 9659.87
48 10546.2
49 12111.8
50 10968.9
51 11441.8
52 142833
53 10171.8
54 9763.58
55 10025
56 9090.91
57 0
58 8812.63
59 9388.94
60 7733.33
61 0
62 10625.7
63 9496.03
64 0
65 10049.9
66 9975.09
67 7734.47
68 11591.5
69 9032.82
70 11386.5
71 9935.6
72 14424
73 9687.58
74 6703.13
75 8553.49
76 6448.11
77 9503.95
78 10583.4
79 10035.7
80 95355.6
81 7843.24
82 0
83 9985.02
84 9069.82
85 -14028.3
86 9960.88
87 12480.3
88 8379.84
89 8431.6
90 8619
91 8073.12
92 11087.4
93 12091.9
94 10275.3
95 10051.4
96 9775.13
97 9605.22
98 11652
99 -9820.56
100 9400.16
101 10385.3
102 9170.1
103 8972.36
104 10232.9
105 11664.4
106 11314.8
107 9630.05
108 10251.3
109 12529.4
110 8802.3
111 11679.6
112 8349.82
113 9429.15
114 9772
115 9709.87
116 14316.7
117 12431.5
118 9461.96
119 9459.68
120 11765.1
121 10349.4
122 8660.12
123 11249.6
124 11292.3
125 9762.1
126 10410.1
127 6028.37
128 10761.8
129 9958.54
130 10247.4
131 9230.1
132 10504.5
133 9307.32
134 8229.48
135 4701.46
136 9158.8
137 9600.02
138 10893.8
139 10455
140 11198.5
141 8107.75
142 10242.2
143 10251.4
144 10092.9
145 8934.13
146 11553.3
147 8324.24
148 8570.02
149 0
150 0
151 9527.61
152 12653.7
153 12461.5
154 10810.2
155 0
156 0
157 10919.9
158 12375.1
159 11809.7
160 9833.27
161 0
162 0
163 9030.54
164 12334.5
165 12845.8
166 11217.5
167 0
168 0
169 0
170 0
171 0
172 0
173 0
174 0
175 0
176 0
177 0
178 0
179 0
180 0
181 0
182 0
183 0
184 0
185 0
186 0
187 0
188 0
189 0
190 0
191 0
192 0
193 0
194 0
195 0
196 0
197 0
198 0
199 0
200 0
201 0
202 0
203 0
204 0
205 0
206 0
207 0
208 0
209 0
210 0
211 0
212 0
213 0
214 0
215 0
216 0
217 0
218 0
219 0
220 0
221 0
222 0
223 0
224 0
225 0
226 0
227 0
228 0
229 0
230 0
231 0
232 0
233 0
234 0
235 0
236 0
237 0
238 0
239 0
240 0
241 0
242 0
243 0
244 0
245 0
246 0
247 0
248 0
249 0
250 0
251 0
252 0
253 0
254 0
255 0
256 0
257 0
258 0
259 0
260 0
261 0
262 0
263 0
264 0
265 0
266 0
267 0
268 0
269 0
270 0
271 0
272 0
273 0
274 0
275 0
276 0
277 0
278 0
279 0
280 0
281 0
282 0
283 0
284 0
285 0
286 0
287 0
288 0
289 0
290 0
291 0
292 0
293 0
294 0
295 0
296 0
297 0
298 0
299 0
300 0
301 0
302 1357.09
303 2113.39
304 2131.88
305 2548.53
306 2167.88
307 2306.91
308 2113.51
309 2523.31
310 2532.21
311 2797.73
312 2364.97
313 2383.5
314 2259.82
315 2080.71
316 1808.41
317 0
318 0
319 0
320 0
321 0
322 0
323 0
324 0
325 0
326 0
327 0
328 0
329 0
330 0
331 0
332 0
333 0
334 0
335 0
336 0
337 0
338 0
339 0
340 0
341 0
342 0
343 0
344 0
345 0
346 0
347 0
348 0
349 0
350 0
351 0
352 0
353 0
354 0
355 0
356 0
357 0
358 0
359 0
360 0
361 0
362 0
363 0
364 0
365 0
366 0
367 0
368 0
369 0
370 0
371 0
372 0
373 0
374 0
375 0
376 0
377 0
378 0
379 0
380 0
381 0
382 0
383 0
384 0
385 0
386 0
387 0
388 0
389 0
390 0
391 0
392 0
393 0
394 0
395 0
396 0
397 0
398 0
399 0
400 0
401 1904.85
402 2075.11
403 2344.69
404 2162.75
405 1915.99
406 2488.7
407 2215.97
408 2864.09
409 2014.81
410 2089.63
411 2073.41
412 1930.43
413 0
414 0
415 0
416 0
417 0
418 0
419 0
420 0
421 0
422 0
423 0
424 0
425 0
426 0
427 0
428 0
429 0
430 0
431 0
432 0
433 0
434 0
435 0
436 0
437 0
438 0
439 0
440 0
441 0
442 0
443 0
444 0
445 0
446 0
447 0
448 0
449 0
450 0
451 0
452 0
453 0
454 0
455 0
456 0
457 0
458 0
459 0
460 0
461 0
462 0
463 0
464 0
465 0
466 0
467 0
468 0
469 0
470 0
471 0
472 0
473 0
474 0
475 0
476 0
477 0
478 0
479 0
480 0
481 0
482 0
483 0
484 0
485 0
486 0
487 0
488 0
489 0
490 0
491 0
492 0
493 0
494 0
495 0
496 0
497 0
498 0
499 0
500 0
501 2928.2
502 -2856.54
503 2513.83
504 3188.57
505 3085.59
506 3529.65
507 3131.83
508 -3443.54
509 0
510 0
511 0
512 0
513 0
514 0
515 0
516 0
517 0
518 0
519 0
520 0
521 0
522 0
523 0
524 0
525 0
526 0
527 0
528 0
529 0
530 0
531 0
532 0
533 0
534 0
535 0
536 0
537 0
538 0
539 0
540 0
541 0
542 0
543 0
544 0
545 0
546 0
547 0
548 0
549 0
550 0
551 0
552 0
553 0
554 0
555 0
556 0
557 0
558 0
559 0
560 0
561 0
562 0
563 0
564 0
565 0
566 0
567 0
568 0
569 0
570 0
571 0
572 0
573 0
574 0
575 0
576 0
577 0
578 0
579 0
580 0
581 0
582 0
583 0
584 0
585 0
586 0
587 0
588 0
589 0
590 0
591 0
592 0
593 0
594 0
595 0
596 0
597 0
598 0
599 0
600 0
601 3855.38
602 3074.18
603 3321.52
604 3496.07
605 -3002.24
606 3382.13
607 2905.39
608 2780.05
609 3094.56
610 2712.38
611 2459.79
612 3095.88
613 3421.66
614 3112.42
615 -3363.36
616 3185.32
617 0
618 0
619 0
620 0
621 0
622 0
623 0
624 0
625 0
626 0
627 0
628 0
629 0
630 0
631 0
632 0
633 0
634 0
635 0
636 0
637 0
638 0
639 0
640 0
641 0
642 0
643 0
644 0
645 0
646 0
647 0
648 0
649 0
650 0
651 0
652 0
653 0
654 0
655 0
656 0
657 0
658 0
659 0
660 0
661 0
662 0
663 0
664 0
665 0
666 0
667 0
668 0
669 0
670 0
671 0
672 0
673 0
674 0
675 0
676 0
677 0
678 0
679 0
680 0
681 0
682 0
683 0
684 0
685 0
686 0
687 0
688 0
689 0
690 0
691 0
692 0
693 0
694 0
695 0
696 0
697 0
698 0
699 0
700 0
701 3560.2
702 3195.47
703 3242.55
704 2929.21
705 3214.72
706 2532.71
707 2121.65
708 2026.83
709 2747.69
710 2967.17
711 3490.45
712 3080.4
713 0
714 0
715 0
716 0
717 0
718 0
719 0
720 0
721 0
722 0
723 0
724 0
725 0
726 0
727 0
728 0
729 0
730 0
731 0
732 0
733 0
734 0
735 0
736 0
737 0
738 0
739 0
740 0
741 0
742 0
743 0
744 0
745 0
746 0
747 0
748 0
749 0
750 0
751 0
752 0
753 0
754 0
755 0
756 0
757 0
758 0
759 0
760 0
761 0
762 0
763 0
764 0
765 0
766 0
767 0
768 0
769 0
770 0
771 0
772 0
773 0
774 0
775 0
776 0
777 0
778 0
779 0
780 0
781 0
782 0
783 0
784 0
785 0
786 0
787 0
788 0
789 0
790 0
791 0
792 0
793 0
794 0
795 0
796 0
797 0
798 0
799 0
800 0
801 0
802 0
803 0
804 0
805 0
806 0
807 0
808 0
809 0
810 0
811 0
812 0
813 0
814 0
815 0
816 0
817 0
818 0
819 0
820 0
821 0
822 0
823 0
824 0
825 0
826 0
827 0
828 0
829 0
830 0
831 0
832 0
833 0
834 0
835 0
836 0
837 0
838 0
839 0
840 0
841 0
842 0
843 0
844 0
845 0
846 0
847 0
848 0
849 0
850 0
851 0
852 0
853 0
854 0
855 0
