23	-31227
24	-30304
25	-222940
27	-298500
28	-1573126
29	-5005
30	-4944
31	-316820
32	-230940
33	-254214
34	-840507
35	-352916
36	-13008
37	-311041
38	-318875
39	-300735
40	-345394
41	-23465
42	-30021
44	-973958
45	-304401
46	-736030
47	-17231
48	-11839
49	-305760
50	-318486
52	-205705
53	-9404
54	-8794
55	-420047
56	-205100
59	-13079
60	-9283
65	-32881
66	-15418
68	-298382
69	-284796
70	-467000
71	-16148
72	-11049
73	-303107
74	-596528
75	-444200
76	-1134581
77	-24158
78	-19576
79	-270165
80	-297747
81	-298036
83	-19275
84	-34206
85	-304576
86	-304411
87	-3198623
88	-299240
89	-22394
90	-30025
91	-298999
92	-369071
93	-305450
94	-306819
95	-21452
96	-24743
97	-340807
98	-356785
99	-350627
100	-357074
101	-63815
102	-62669
103	-359647
104	-358475
106	-236528
107	-34562
108	-18303
109	-7822934
110	-221156
111	-321503
112	-320081
113	-77774
114	-69776
115	-372499
116	-489504
117	-393044
119	-34212
120	-17026
121	-292156
122	-306978
123	-302134
124	-314925
125	-33227
126	-32259
127	-318036
128	-319866
129	-322509
130	-323522
131	-16029
132	-17547
133	-335403
135	-334322
136	-596019
137	-19457
138	-13527
139	-323000
140	-323054
142	-325386
143	-24454
144	-23148
145	-318841
146	-319452
147	-312126
148	-322319
151	-349738
152	-357583
153	-358445
154	-368863
157	-345699
158	-348141
159	-350062
160	-331633
163	-383645
164	-343855
165	-249817
166	-624921
251	311200
301	105079
302	105238
303	99689
304	99553
305	104232
306	103100
307	103030
309	96602
310	57581
311	87567
312	96474
313	87681
314	89645
315	87899
316	89567
401	91258
402	95652
403	97817
404	89144
405	97689
406	90855
407	89607
408	91870
409	93421
410	86537
411	86650
412	88524
501	73769
502	79051
503	70914
504	69809
505	75200
506	78070
507	43155
508	46616
601	80656
602	85761
603	77060
604	80391
605	74815
606	77840
607	83886
608	78155
609	75703
610	80431
611	76628
612	79412
613	75155
614	77230
615	73635
616	79282
701	78650
702	78221
703	77542
704	79761
705	78661
706	78440
707	78849
708	80685
709	84905
710	84543
711	82029
712	81325
800	310200
801	307200
802	307200
804	309200
805	310200
806	309200
807	310200
808	306200
810	310200
811	309200
812	310200
813	308200
814	310200
815	310200
821	310200
822	310200
825	307200
826	308200
828	309200
831	307200
832	307200
833	309200
834	310200
835	309200
840	310200
841	309200
842	310200
843	310200
845	310200
846	308200
847	310200
848	310200
850	310200
851	310200
852	310200
853	310200
854	310200
