25 -0.122948 -0.125702 0.637512 0.290344 -0.373779
26 -0.307312 0.0202026 0.306152 0.670654 -0.534424
27 -0.061409 -0.00784302 0.592163 -0.112366 -0.101807
28 0.167862 0.0705872 -0.20697 0.231812 0.119019
31 -0.26432 -0.0133057 0.865234 -0.0477295 -0.289185
32 -0.374695 0.288116 0.703979 -0.376953 -0.100952
33 0.0575256 0.342316 -0.277893 -0.0227661 0.235352
34 0.0278625 0.161835 -0.0927124 -0.00866699 0.0905762
37 0.036911 0.406281 -0.249878 -0.308411 0.334595
38 -0.145332 0.0911255 0.924866 -0.619385 0.0375977
39 0.394295 -3.43051 0.0834961 -0.323364 -1.23511
40 0.321968 0.445496 -0.724854 -0.335144 0.64624
43 0.0763321 -0.176788 0.602234 0.0603638 -0.1073
44 -0.163841 0.0784912 0.763916 -0.268921 -0.128662
45 -0.225304 0.237793 0.687256 -0.584839 0.0908203
46 0.0665741 0.3974 -0.395325 -0.115295 0.312012
49 -0.0988388 -0.262909 0.559143 0.284119 -0.365723
50 -0.078598 -0.0699768 0.842224 -0.367126 -0.137329
51 -0.148804 -0.0223999 0.797852 -0.162476 -0.204956
52 -0.384697 0.172577 1.16913 -0.44165 -0.156128
55 0.0979385 -0.0315857 -0.0111694 0.266235 -0.0783691
56 0.220146 -0.263153 0.0975952 0.214233 -0.00842285
58 0.0616455 0.553833 -0.60376 -0.29248 0.460205
62 0.099823 0.506683 -0.697327 -0.0749512 0.421997
67 -8.52749 -7.96353 8.75061 9.479 -5.34412
68 -0.00185394 0.250031 -0.127319 0.137939 0.0703125
69 0.134109 0.522766 -0.726379 -0.402039 0.610229
70 0.130699 0.14978 -0.300903 0.0441284 0.190918
73 0.095787 0.251556 -0.389771 -0.0103149 0.222534
74 0.0328293 0.103027 0.0760498 0.185974 -0.0267334
75 -0.0941544 -0.27771 0.412598 0.846252 -0.626221
79 0.0163574 0.31839 0.0628662 -0.501404 0.339111
80 0.00908661 0.252136 -0.215881 0.102234 0.0926514
81 -0.473289 0.072052 0.805908 0.318115 -0.563721
85 0.145271 0.193512 -0.469116 0.101929 0.235229
86 -0.13118 0.365601 -0.0403442 -0.0819092 0.0682373
87 -0.102989 0.208099 0.774475 -0.784241 0.211304
88 -0.0194778 -0.121735 0.587646 0.0263062 -0.206177
91 0.0032196 0.365631 -0.21051 -0.0691528 0.176392
92 -0.0563812 -0.0267944 0.734497 -0.357788 -0.0803223
93 -0.0104523 9.15527e-05 0.664612 -0.438049 0.0646973
94 -0.00127411 0.15567 0.217224 -0.329834 0.152954
97 0.128418 -0.0309448 0.704651 -0.333984 -0.0273438
98 0.303238 0.286163 -0.726746 -0.338989 0.62146
99 -0.429016 3.99329 -2.2005 -4.46429 -1.76331
100 0.162918 0.186096 -0.483032 0.0176392 0.265747
103 0.105385 -0.0702515 0.704163 -0.524963 0.107178
104 -0.131363 -0.0582886 0.710449 -0.217346 -0.106201
105 -0.257629 0.196808 0.732483 -0.549805 0.0421143
106 -0.0964432 -0.0121765 0.728638 -0.166077 -0.154541
109 -0.0491638 0.479065 -0.0756836 -0.341125 0.283936
110 -0.459946 0.00143433 0.470093 0.977112 -0.801392
111 0.0733643 0.11261 0.617798 -0.502625 0.107422
112 0.0709686 0.548035 -0.619019 -0.139221 0.422974
115 -0.0890579 0.0869446 0.842407 -0.559753 0.0286865
116 -0.0241699 0.176971 0.420471 -0.576233 0.205933
117 0.0401535 0.522003 -0.360291 -0.344116 0.409058
118 -0.149094 0.082489 0.681396 -0.104919 -0.160645
121 0.0525589 0.523926 -0.523376 -0.132141 0.349609
122 0.4011 -0.208954 -0.234924 -0.0230713 0.235352
123 0.0386124 0.501434 -0.612976 -0.105408 0.348511
124 0.397614 0.261658 0.302673 0.391418 -0.663818
127 0.302124 0.181427 -0.294373 -0.325073 0.446167
128 -0.041008 0.531067 -0.105957 -0.460144 0.333496
129 0.51284 0.925049 -1.76788 0.612122 1.51599
130 0.18222 0.27774 -0.130249 -0.430481 0.385376
133 0.151764 0.26828 -0.41571 -0.0881958 0.28186
134 0.0889206 0.343994 -0.396973 -0.0244141 0.259766
135 0.123215 0.35788 -0.57959 -0.108459 0.383545
136 0.131401 0.414551 -0.556824 -0.0859985 0.359497
139 -0.111229 -0.318542 0.67334 0.575806 -0.605103
140 -0.437866 -0.203552 0.921631 0.882385 -0.898682
141 -0.262062 0.0550232 1.04736 -0.471863 -0.165039
146 0.168121 0.24295 -0.381104 -0.112793 0.358154
148 0.0826721 0.480072 -0.396851 -0.384033 0.470215
151 0.0939636 0.248657 0.0151367 -0.695496 0.450439
152 0.205025 0.457306 -0.630981 -0.507324 0.648682
153 0.0342178 0.4552 -0.361694 -0.168152 0.316406
154 0.124268 0.0959473 0.381836 -0.572632 0.251465
157 4.76068 -3.83963 -2.16284 -0.526428 2.22522
158 0.244385 0.129059 -0.616882 0.053894 0.307617
159 0.0647659 0.453583 -0.557861 0.000610352 0.279175
160 0.219398 0.0224304 0.43396 -0.504333 0.187988
163 4.38133 3.00278 -6.79773 8.92975 -2.82153
164 0.289886 0.208221 -0.29895 -0.498108 0.518188
165 -0.189651 0.399933 0.628113 -0.968811 0.332642
166 -0.0631409 0.0798645 0.59967 -0.402222 0.0391846
200 4.28756 -6.74319 3.64014 1.6178 -0.844971
201 3.52312 -4.76953 4.71338 -0.176392 -0.230347
202 60.429 -1.84943 2.30713 0.0913696 -0.17688
203 5.59397 -7.73621 3.72083 1.83435 -1.04663
204 63.1577 -2.01184 1.58453 -0.33551 -0.109375
205 4.34669 -6.26389 2.65521 2.90485 -0.852905
206 5.91395 -6.0748 3.73083 1.66266 -0.685181
207 5.20906 -9.14258 3.49152 1.74176 -1.54773
208 5.07465 -7.40701 3.71686 2.06061 -0.720459
209 4.68455 -6.03336 3.45013 1.86108 -0.800781
210 73.423 -1.04004 1.43854 -0.616516 0.274048211 72.7625 -0.210358 1.33105 -1.05072 0.533081
212 74.9885 -1.30405 0.571655 0.612488 -0.215088
213 75.4775 -1.57541 1.52148 0.31427 -0.146851
214 71.2676 0.0114746 1.44952 -1.28241 1.16101
215 71.8283 -0.0186462 1.30414 -0.553345 0.153931
216 10.341 -23.5613 8.27789 10.746 -5.05298
217 9.96903 -22.4695 8.08319 10.2106 -4.86292
218 73.912 -1.15573 1.74048 -0.227478 -0.0338135
219 74.3879 -0.379517 1.47089 -0.251221 0.138306
