800 3200 10500
801 3250 10500
802 3000 11000
804 3300 11000
805 3100 9800
806 3050 8000
807 3000 11000
808 3000 12000
809 2700 10000
810 3000 10000	
811 3000 11000
812 3200 11000
813 3000 11000
814 2800 11000
815 2800 10500
820 3000 12500
821 3000 12500
822 2800 10000
823 3200 11000
824 3100 10000
825 3200 10000
826 3100 11000
827 3300 12000
828 3400 11500
831 3300 10500
832 3700 12000
833 3300 11000
834 3300 11000
835 3900 9000
840 3000 10000
841 3400 11000
842 3100 11000
843 2500 11000
845 2000 10000
846 2100 10000
847 2700 11000
848 2000 10000
849 1900 10000
850 2800 10000
851 2500 10000
852 2700 10000
853 4000 10000
854 1700 8000